% fname: routing_dyad_0_6__sel_bufferlevel__topology_8x8__.m
% ./noxim -routing dyad 0.6 -sel bufferlevel -dimx 8 -dimy 8  -sim 10000 -warmup 2000 -size 8 8 -buffer 4 -hs 6 0.2 -hs 7 0.2 -hs 14 0.2 -hs 15 0.2 

function [max_pir, max_throughput, min_delay] = routing_dyad_0_6__sel_bufferlevel__topology_8x8__(symbol)

data = [
%             pir      avg_delay     throughput      max_delay       rpackets         rflits
           0.0015        19.6069      0.0134353            126            753           6019
           0.0015        20.0052      0.0120952             92            763           6096
           0.0015        21.1638      0.0132716            109            769           6158
           0.0015        20.9974      0.0138705            113            777           6214
           0.0015        20.8269      0.0136754            134            780           6236
           0.0015        19.7741      0.0126716            116            748           5981
           0.0015         20.907      0.0132604            101            796           6365
           0.0015        20.7788      0.0124958            103            737           5898
           0.0015        21.2903       0.012502            109            775           6201
           0.0015        20.3422      0.0125313             89            751           6015
           0.0015        21.2718      0.0124113            107            769           6156
           0.0015        21.2234       0.013431             98            779           6232
           0.0015        21.5752       0.012625            117            758           6060
           0.0015         20.184      0.0119008            106            750           5998
           0.0015        21.5263      0.0126708            112            760           6082
           0.0015        20.0159        0.01365             89            819           6552
           0.0015        20.3884      0.0135746             83            775           6190
           0.0015        21.7671      0.0125423             95            777           6221
           0.0015        20.0474      0.0127177             89            738           5901
           0.0015        19.7053      0.0127771             76            767           6133
           0.0017        23.4802      0.0142339            126            883           7060
           0.0017        24.0066      0.0153708            159            909           7255
           0.0017        22.0954      0.0142582            107            870           6958
           0.0017         22.388      0.0149332            151            866           6929
           0.0017        22.3127      0.0143258            144            873           6991
           0.0017          22.53      0.0136414            107            832           6657
           0.0017        22.1981      0.0141229            167            833           6666
           0.0017        21.4233      0.0140388            104            815           6514
           0.0017        24.2639      0.0141598            179            864           6910
           0.0017        21.6929      0.0145922            129            889           7121
           0.0017        25.9765      0.0158729            205            937           7492
           0.0017        23.4615      0.0142979            159            858           6863
           0.0017        21.7831      0.0143689             95            876           7012
           0.0017        21.6204      0.0144083            120            864           6916
           0.0017        21.4129      0.0134262            158            821           6552
           0.0017        21.4345      0.0136492            112            847           6770
           0.0017        23.3028      0.0143667            161            862           6896
           0.0017        21.0652      0.0140792            132            844           6758
           0.0017        21.1143       0.014379            127            892           7132
           0.0017        21.1094      0.0130328            101            795           6360
           0.0019        25.2447      0.0162766            157            993           7943
           0.0019        26.1534      0.0156025            184            952           7614
           0.0019        25.6963       0.016121            130           1001           7996
           0.0019        25.6034      0.0152117            468            943           7545
           0.0019        22.4795      0.0167889            122           1024           8193
           0.0019        31.1148      0.0162854            537            976           7817
           0.0019         24.052        0.01575            120            961           7686
           0.0019        24.0251      0.0156475            124            955           7636
           0.0019        25.4731      0.0155625            144            966           7719
           0.0019        22.6823      0.0149551            159            957           7657
           0.0019        28.4509       0.015125            470            967           7744
           0.0019        25.3487      0.0160685            298            995           7970
           0.0019         23.097      0.0151371            125            938           7508
           0.0019        26.6146      0.0160703            164           1030           8228
           0.0019        24.0526      0.0155717            152            951           7599
           0.0019        24.8594      0.0151131            163            953           7617
           0.0019        24.2274      0.0151774            175            941           7528
           0.0019        26.4908       0.016625            291            980           7847
           0.0019        23.7159      0.0163176            103            996           7963
           0.0019        24.6914      0.0158851            119            985           7879
           0.0021        27.6422      0.0166389            178           1048           8386
           0.0021        28.0866      0.0170556            208           1074           8596
           0.0021        25.4009      0.0170996            180           1095           8755
           0.0021        26.6419      0.0172718            163           1089           8705
           0.0021        25.5558      0.0162143            173           1022           8172
           0.0021        27.5725      0.0168532            240           1062           8494
           0.0021        27.3251      0.0164355            199           1052           8415
           0.0021        29.4757      0.0173848            189           1112           8901
           0.0021        27.4029      0.0171621            174           1097           8787
           0.0021        26.0405      0.0163427            189           1012           8106
           0.0021        26.4459      0.0172766            192           1054           8431
           0.0021        27.2097      0.0173254            192           1092           8732
           0.0021        25.8094      0.0170389            190           1039           8315
           0.0021        29.8732      0.0167738            178           1057           8454
           0.0021        31.2185      0.0180258            269           1135           9085
           0.0021         28.971      0.0175258            236           1104           8833
           0.0021        25.9647      0.0172695            162           1105           8842
           0.0021        25.8923      0.0180958            144           1086           8686
           0.0021          30.04      0.0188156            149           1149           9182
           0.0021        27.8138      0.0163651            220           1031           8248
           0.0023        32.0161      0.0187599            371           1181           9455
