% fname: routing_oddeven__sel_random__topology_8x8__.m
% ./noxim -routing oddeven -sel random -dimx 8 -dimy 8  -sim 10000 -warmup 2000 -size 8 8 -buffer 4 -hs 6 0.2 -hs 7 0.2 -hs 14 0.2 -hs 15 0.2 

function [max_pir, max_throughput, min_delay] = routing_oddeven__sel_random__topology_8x8__(symbol)

data = [
%             pir      avg_delay     throughput      max_delay       rpackets         rflits
           0.0015        20.2688      0.0125826             83            744           5939
           0.0015        20.8599      0.0134758             94            835           6684
           0.0015        19.9127      0.0135826            107            802           6411
           0.0015        20.1959      0.0137127            117            781           6253
           0.0015        18.8293      0.0128233             64            744           5950
           0.0015        20.4484      0.0121131            101            765           6105
           0.0015         20.515      0.0129513             91            765           6113
           0.0015        20.2494      0.0126855             99            786           6292
           0.0015        20.5348      0.0136336            100            791           6326
           0.0015        18.8468      0.0134116             88            777           6223
           0.0015         19.647      0.0144167             84            779           6228
           0.0015         20.603      0.0135042            120            811           6482
           0.0015        20.9123      0.0136434            149            832           6658
           0.0015        21.4406      0.0132818             92            783           6269
           0.0015        19.7573       0.013569             80            787           6296
           0.0015         19.869      0.0128966             96            748           5984
           0.0015        20.0732      0.0134201             82            820           6549
           0.0015         20.552      0.0128453             86            759           6063
           0.0015        20.4132      0.0128771            121            760           6078
           0.0015        19.5138      0.0133289             99            759           6078
           0.0017        20.6311      0.0139104            111            835           6677
           0.0017         22.669      0.0136653            123            846           6778
           0.0017        19.4425      0.0132238             65            818           6559
           0.0017        22.7373      0.0152839            104            902           7214
           0.0017        21.5167      0.0135879            116            869           6957
           0.0017        23.1795      0.0150218             98            947           7571
           0.0017         22.164       0.014819            110            860           6876
           0.0017        21.2013      0.0142778            103            899           7196
           0.0017        21.3716      0.0142021            115            853           6817
           0.0017        19.4514      0.0130292             85            782           6254
           0.0017        21.6843      0.0145229            113            871           6971
           0.0017        21.9309       0.014709            133            897           7178
           0.0017        22.0536      0.0151886             88            896           7169
           0.0017        21.5998      0.0142131            112            867           6936
           0.0017        24.0227      0.0156992            150            927           7410
           0.0017        21.7945      0.0146815            106            910           7282
           0.0017         21.245      0.0137013             91            808           6467
           0.0017        20.0045      0.0144426            133            882           7048
           0.0017        21.3709      0.0138361            105            844           6752
           0.0017        21.4774      0.0147083            112            840           6707
           0.0019        22.7261      0.0166272            116            964           7715
           0.0019          23.62      0.0153226            129            950           7600
           0.0019        23.9391      0.0146131            168            919           7365
           0.0019        22.9439      0.0160927            149            998           7982
           0.0019        24.9592       0.016373            183           1030           8252
           0.0019        23.7472      0.0155635            124            981           7844
           0.0019        23.9883      0.0147363            203            942           7545
           0.0019        24.1218      0.0153508            137            952           7614
           0.0019        23.2026      0.0164667            108            987           7904
           0.0019        21.8006      0.0151371            130            938           7508
           0.0019         24.601      0.0160377            141           1010           8083
           0.0019        23.3152      0.0162581             98           1009           8064
           0.0019        22.7156      0.0157798            132            995           7953
           0.0019         23.151       0.015002            116            960           7681
           0.0019        21.8912      0.0154771            124            928           7429
           0.0019        22.8184       0.015631            148            969           7753
           0.0019        22.3323      0.0148433            124            936           7481
           0.0019        22.9058      0.0145363            168            902           7210
           0.0019        23.8908      0.0158206            208            980           7847
           0.0019        23.2051      0.0163508            158           1014           8110
           0.0021        25.8011      0.0173427            168           1076           8602
           0.0021        24.4318      0.0179201            149           1093           8745
           0.0021        26.7686      0.0171351            173           1063           8499
           0.0021        26.4133      0.0161996            151           1004           8035
           0.0021         24.774      0.0168125            180           1075           8608
           0.0021        29.8033      0.0174325            397           1098           8786
           0.0021        24.1285      0.0171573            141           1066           8510
           0.0021        24.0818      0.0170734            158           1076           8605
           0.0021        25.8185       0.018678            192           1102           8816
           0.0021        23.8977      0.0174611            138           1066           8521
           0.0021        24.1998      0.0175081            160           1086           8684
           0.0021        31.7061      0.0184201            430           1123           8989
           0.0021        24.3298      0.0185738            121           1131           9064
           0.0021        22.6549       0.017252            144           1052           8419
           0.0021        26.1747       0.017994            131           1116           8925
           0.0021        27.1687        0.01825            141           1132           9052
           0.0021        26.9134      0.0174899            183           1085           8675
           0.0021        26.1757      0.0172705            184           1053           8428
           0.0021        24.0392      0.0164536            163           1020           8161
           0.0021        29.1322      0.0176843            227           1044           8347
           0.0023        29.1133      0.0197266            224           1262          10100
