% fname: routing_oddeven__sel_nop__topology_8x8__.m
% ./noxim -routing oddeven -sel nop -dimx 8 -dimy 8  -sim 10000 -warmup 2000 -size 8 8 -buffer 4 -hs 6 0.2 -hs 7 0.2 -hs 14 0.2 -hs 15 0.2 

function [max_pir, max_throughput, min_delay] = routing_oddeven__sel_nop__topology_8x8__(symbol)

data = [
%             pir      avg_delay     throughput      max_delay       rpackets         rflits
           0.0015        19.7562      0.0127833             77            767           6136
           0.0015        19.1365      0.0130191            135            769           6145
           0.0015        20.3993      0.0138136            102            814           6520
           0.0015         19.834      0.0123545             79            753           6029
           0.0015         19.774      0.0130657             73            770           6167
           0.0015        18.2951      0.0133068            101            732           5855
           0.0015        20.8929      0.0135366            165            784           6281
           0.0015        20.0859      0.0136987             86            768           6137
           0.0015        19.3705      0.0135568             67            745           5965
           0.0015        20.0784      0.0135979             89            816           6527
           0.0015        18.9034      0.0127854             85            766           6137
           0.0015        19.2647      0.0127729             77            767           6131
           0.0015        17.8992      0.0120328            109            734           5872
           0.0015        21.2306      0.0135229            148            811           6491
           0.0015        20.3567      0.0137646             87            827           6607
           0.0015         18.851       0.012256             71            772           6177
           0.0015        20.0465      0.0131996            105            753           6019
           0.0015        19.3742      0.0121149            102            751           6009
           0.0015        20.0818      0.0120146            118            721           5767
           0.0015        19.9747      0.0129477             84            712           5697
           0.0017        20.1547       0.013875             75            834           6660
           0.0017        20.5565      0.0144978            121            841           6727
           0.0017        23.2239      0.0146915            148            911           7287
           0.0017        21.3908      0.0144146            115            865           6919
           0.0017        21.2098      0.0141391            119            877           7013
           0.0017        21.9217      0.0136069            127            843           6749
           0.0017        21.3856      0.0140694            146            887           7091
           0.0017         20.936      0.0140583            117            844           6748
           0.0017        20.4475      0.0132828             95            809           6482
           0.0017        20.8772      0.0142034            101            839           6704
           0.0017        20.1425      0.0135544             94            842           6723
           0.0017        20.6564      0.0140726            117            873           6980
           0.0017        20.3548      0.0142396            141            854           6835
           0.0017        20.5855      0.0144652            104            883           7059
           0.0017        20.1988      0.0144852            102            855           6837
           0.0017        19.5686      0.0127383            121            816           6522
           0.0017        21.6149      0.0140813             94            888           7097
           0.0017         20.453      0.0138353             91            872           6973
           0.0017        20.8922      0.0151404            105            863           6904
           0.0017        22.0491      0.0156183            109            875           6997
           0.0019        22.2824      0.0151673            114            942           7523
           0.0019        22.6908      0.0157837            164            993           7955
           0.0019        23.3039       0.015584            119            951           7605
           0.0019        24.0885      0.0163972            151           1017           8133
           0.0019        21.1154      0.0162697            130            927           7419
           0.0019         22.854      0.0149901            101            945           7555
           0.0019         23.029       0.015877             93           1000           8002
           0.0019        22.9537      0.0162746            198            993           7942
           0.0019        21.9862       0.016131            115           1016           8130
           0.0019        24.9525      0.0165758            167           1011           8089
           0.0019        22.6381      0.0151726            148            956           7647
           0.0019        22.3085      0.0162602            135            992           7935
           0.0019        22.1761      0.0142401             92            897           7177
           0.0019        24.7594      0.0161475            253            985           7880
           0.0019        21.5066      0.0158972            115            985           7885
           0.0019        23.0515      0.0163373            124           1029           8234
           0.0019        24.5312      0.0155246            141            947           7576
           0.0019        26.2241      0.0168206            185           1044           8343
           0.0019        22.9289       0.016131            121            999           8001
           0.0019        21.1931      0.0156393             99            953           7632
           0.0021        24.5377      0.0165566            155           1060           8477
           0.0021        24.4042      0.0164648            170           1054           8430
           0.0021        25.3985      0.0172817            375           1089           8710
           0.0021        25.8091      0.0176721            218           1079           8624
           0.0021        23.4159      0.0167883            122           1041           8327
           0.0021        23.7212      0.0177639            118           1119           8953
           0.0021        22.8134      0.0172679             88           1088           8703
           0.0021        23.3954      0.0167024            146           1052           8418
           0.0021        27.6386      0.0177123            319           1115           8927
           0.0021        24.7774      0.0179809            143           1060           8487
           0.0021        25.7869      0.0168948            240           1065           8515
           0.0021        28.9268      0.0179792            245           1079           8630
           0.0021        24.7629      0.0166172            169           1063           8508
           0.0021        25.1487      0.0178175            135           1123           8980
           0.0021        25.4055      0.0166329            179           1048           8383
           0.0021        25.9169      0.0169063            264           1083           8656
           0.0021        26.8574      0.0170766            222           1059           8470
           0.0021        26.4055      0.0179087            172           1127           9026
           0.0021          24.63      0.0164286            166           1035           8280
           0.0021        23.8739      0.0180121            113           1118           8934
           0.0023          28.75      0.0193286            289           1200           9587
