% fname: routing_xy__topology_8x8__.m
% ./noxim -routing xy -dimx 8 -dimy 8  -sim 10000 -warmup 2000 -size 8 8 -buffer 4 

function [max_pir, max_throughput, min_delay] = routing_xy__topology_8x8__(symbol)

data = [
%             pir      avg_delay     throughput      max_delay       rpackets         rflits
             0.01        24.1091      0.0787852            149           5039          40338
             0.01        23.2609      0.0796387            201           5097          40775
             0.01        24.3055      0.0795566            269           5090          40733
             0.01        23.8136      0.0801133            180           5129          41018
             0.01        23.8632      0.0796113            123           5095          40761
             0.01        24.0385       0.081627            140           5225          41793
             0.01        22.8339      0.0791934            149           5068          40547
             0.01        23.3397      0.0795684            170           5093          40739
             0.01        24.0693      0.0804043            176           5148          41167
             0.01        23.6524      0.0787324            148           5040          40311
             0.01        23.8868      0.0796328            122           5099          40772
             0.01        23.7171      0.0781406            148           5001          40008
             0.01        24.2456      0.0790254            192           5058          40461
             0.01        22.5951      0.0771035            151           4932          39477
             0.01        24.7941      0.0813984            129           5211          41676
             0.01        24.1088      0.0790332            171           5054          40465
             0.01        23.5987      0.0794863            177           5086          40697
             0.01        24.9913      0.0806152            179           5161          41275
             0.01        25.1929       0.081416            237           5211          41685
             0.01        23.5103      0.0796133            165           5095          40762
           0.0105        25.4055      0.0845898            194           5413          43310
           0.0105        25.7199      0.0842461            199           5391          43134
           0.0105        26.6504      0.0841426            212           5386          43081
           0.0105        26.0799      0.0845098            173           5407          43269
           0.0105        26.2422      0.0841445            194           5387          43082
           0.0105        26.9552      0.0854766            236           5473          43764
           0.0105        26.0125      0.0853809            177           5459          43715
           0.0105        25.1222      0.0846641            162           5419          43348
           0.0105        25.5338      0.0842891            158           5395          43156
           0.0105        24.5943      0.0834746            178           5341          42739
           0.0105         25.174      0.0841621            210           5384          43091
           0.0105        25.4143      0.0823184            217           5269          42147
           0.0105         26.366      0.0826738            208           5290          42329
           0.0105        24.7604      0.0852109            154           5454          43628
           0.0105        26.4505      0.0855977            198           5476          43826
           0.0105        25.4689      0.0840664            257           5379          43042
           0.0105        25.1782      0.0857402            149           5489          43899
           0.0105        24.9516      0.0826055            156           5284          42294
           0.0105        25.5811      0.0852949            204           5459          43671
           0.0105         26.212      0.0841172            199           5381          43068
            0.011        27.6981      0.0901621            215           5771          46163
            0.011        28.1291      0.0904141            219           5788          46292
            0.011        25.2112      0.0866289            173           5544          44354
            0.011        25.0664      0.0862969            158           5524          44184
            0.011        26.0729       0.087416            182           5595          44757
            0.011        25.4686      0.0870742            203           5574          44582
            0.011        26.7329      0.0879551            168           5628          45033
            0.011        27.8079       0.088125            195           5643          45120
            0.011        25.2571      0.0872266            138           5586          44660
            0.011        26.7575      0.0896641            210           5741          45908
            0.011        26.7081      0.0883594            171           5656          45240
            0.011        26.4532       0.089916            173           5757          46037
            0.011        26.8541      0.0876406            199           5608          44872
            0.011        25.1214      0.0855859            130           5480          43820
            0.011        27.6493      0.0909473            194           5822          46565
            0.011         25.172      0.0865684            163           5541          44323
            0.011        27.2814      0.0876914            264           5611          44898
            0.011        26.9319      0.0885176            198           5667          45321
            0.011        27.1514      0.0889922            293           5693          45564
            0.011         25.938      0.0872109            213           5585          44652
           0.0115        26.7296       0.090377            169           5783          46273
           0.0115        27.7186      0.0925742            208           5925          47398
           0.0115         28.695      0.0907188            188           5804          46448
           0.0115        28.1457      0.0921582            191           5904          47185
           0.0115        28.4236      0.0917852            246           5876          46994
           0.0115         26.144      0.0917812            221           5877          46992
           0.0115        27.2753      0.0911328            151           5834          46660
           0.0115        27.3805      0.0923516            180           5914          47284
           0.0115        28.6318      0.0917734            218           5875          46988
           0.0115        28.3982      0.0922773            155           5906          47246
           0.0115        26.5339       0.091543            169           5857          46870
           0.0115        28.5921      0.0922266            201           5898          47220
           0.0115        29.5886       0.093834            244           6007          48043
           0.0115        28.5687      0.0919043            194           5882          47055
           0.0115        28.1638      0.0929922            174           5951          47612
           0.0115         27.894       0.092707            197           5934          47466
           0.0115        28.3368      0.0928418            208           5944          47535
           0.0115        28.5863      0.0933887            164           5978          47815
           0.0115        28.0824      0.0928008            191           5937          47514
           0.0115        27.2652      0.0930098            179           5950          47621
            0.012        28.6615      0.0958887            173           6139          49095
            0.012        30.3995      0.0970039            214           6205          49666
