% fname: buffer_8__routing_dyad_0_6__sel_bufferlevel__topology_8x8__.m
% ./noxim -buffer 8 -routing dyad 0.6 -sel bufferlevel -dimx 8 -dimy 8  -sim 10000 -warmup 2000 -size 8 8 -hs 27 0.2 -hs 28 0.2 -hs 35 0.2 -hs 36 0.2 

function [max_pir, max_throughput, min_delay] = buffer_8__routing_dyad_0_6__sel_bufferlevel__topology_8x8__(symbol)

data = [
%             pir      avg_delay     throughput      max_delay       rpackets         rflits
           0.0018        18.7589      0.0155676            110            950           7597
           0.0018        16.1027      0.0146885             94            896           7168
           0.0018         16.983      0.0151452             91            940           7512
           0.0018        16.5473      0.0147698             97            930           7444
           0.0018        17.5582       0.014666             97            894           7157
           0.0018        15.6399      0.0150343             81            933           7457
           0.0018        15.7352      0.0139668             70            895           7151
           0.0018        16.1649      0.0152903             64            946           7584
           0.0018        16.6422      0.0147016             76            911           7292
           0.0018        16.5765      0.0147361            114            928           7427
           0.0018        16.4528      0.0150521             93            901           7225
           0.0018         17.427      0.0150369            117            918           7338
           0.0018        16.3477       0.014998             85            929           7439
           0.0018        15.9989      0.0155826             72            919           7355
           0.0018        16.5729      0.0146209             89            892           7135
           0.0018        16.6232      0.0154859             82            958           7681
           0.0018         16.043      0.0143948             82            907           7255
           0.0018        17.4707      0.0156059            103            922           7366
           0.0018        16.0047      0.0143157             82            845           6757
           0.0018        17.0181      0.0149187            108            940           7519
            0.002         16.971      0.0158299            107            966           7725
            0.002        16.9322      0.0161389             81           1017           8134
            0.002        18.6648      0.0163691             84           1047           8381
            0.002        16.7241      0.0157421             97            993           7934
            0.002        18.0773      0.0160139            114           1009           8071
            0.002        17.7213       0.015871             80           1001           7999
            0.002         16.967      0.0170066             77            969           7755
            0.002        17.9178      0.0175219             98            998           7990
            0.002        18.7317      0.0165099            137           1040           8321
            0.002        18.6693      0.0163492            122           1031           8240
            0.002        17.8815      0.0170205            109           1038           8306
            0.002        16.9503      0.0170466             92           1006           8046
            0.002        17.0732      0.0172958            100           1038           8302
            0.002        17.9554      0.0162601            169           1008           8065
            0.002         18.172      0.0167036             97           1035           8285
            0.002        18.0366      0.0160516             95           1011           8090
            0.002        17.9951      0.0166906            140           1017           8145
            0.002         19.844       0.017381            116           1096           8760
            0.002          18.95      0.0173167            134           1039           8312
            0.002         17.251      0.0166167             99            996           7976
           0.0022        19.4267      0.0197746            117           1207           9650
           0.0022        18.8293      0.0170972            107           1078           8617
           0.0022        20.1758      0.0185298            115           1166           9339
           0.0022        19.3915      0.0186726            142           1175           9411
           0.0022        19.5098      0.0178234             89           1124           8983
           0.0022        19.3934      0.0177282            185           1116           8935
           0.0022        17.5798       0.017334             87           1109           8875
           0.0022        17.9664      0.0184028            102           1159           9275
           0.0022        19.3391      0.0188934             97           1153           9220
           0.0022        18.6534      0.0177051            104           1131           9065
           0.0022        19.2697      0.0175927            115           1090           8726
           0.0022        20.5854       0.017377            149           1112           8897
           0.0022        19.2772      0.0178242            114           1140           9126
           0.0022        20.6395      0.0191504            178           1129           9039
           0.0022        19.0018      0.0178532            122           1125           8998
           0.0022         18.128      0.0178891             89           1109           8873
           0.0022        18.7414      0.0173347            116           1075           8598
           0.0022        19.0418      0.0188831             89           1171           9366
           0.0022        17.6864      0.0176786            115           1113           8910
           0.0022        18.0027      0.0179093             98           1109           8883
           0.0024          18.33      0.0186055            146           1191           9526
           0.0024        20.4635       0.019043            106           1219           9750
           0.0024        19.9085      0.0201429            109           1268          10152
           0.0024        18.7884      0.0194456            105           1205           9645
           0.0024        19.7371      0.0194385            133           1225           9797
           0.0024        22.9132       0.019793            179           1267          10134
           0.0024        23.2325      0.0199508            196           1217           9736
           0.0024        22.0763      0.0190449            161           1219           9751
           0.0024        21.7211      0.0195377            199           1230           9847
           0.0024         19.925      0.0186369             96           1174           9393
           0.0024         22.965      0.0210799            133           1287          10287
           0.0024        19.6356      0.0186915            127           1158           9271
           0.0024        19.7879      0.0194315             92           1207           9638
           0.0024        19.3763      0.0188197            192           1148           9184
           0.0024        20.3078      0.0194467            138           1186           9490
           0.0024        22.0205      0.0198008            202           1267          10138
           0.0024        21.0845      0.0190887            142           1184           9468
           0.0024        22.8918       0.019256            225           1211           9705
           0.0024        20.8978      0.0191113            136           1223           9785
           0.0024        20.1715      0.0196171            136           1236           9887
           0.0026        20.8513      0.0209435            121           1298          10388
