% fname: routing_oddeven__sel_nop__topology_8x8__.m
% ./noxim -routing oddeven -sel nop -dimx 8 -dimy 8  -sim 10000 -warmup 2000 -size 8 8 -buffer 8 -hs 27 0.2 -hs 28 0.2 -hs 35 0.2 -hs 36 0.2 

function [max_pir, max_throughput, min_delay] = routing_oddeven__sel_nop__topology_8x8__(symbol)

data = [
%             pir      avg_delay     throughput      max_delay       rpackets         rflits
           0.0022        18.1247      0.0172969             99           1107           8856
           0.0022        19.2111      0.0179617            124           1113           8909
           0.0022        18.8853       0.018246            116           1151           9196
           0.0022        17.8741      0.0179127             98           1128           9028
           0.0022        17.5918      0.0171074            162           1095           8759
           0.0022        19.2433      0.0181573            138           1126           9006
           0.0022        18.7966      0.0186937            116           1121           8973
           0.0022        18.0216      0.0177687            189           1067           8529
           0.0022         18.411      0.0181455            117           1107           8855
           0.0022        17.9519      0.0172109             88           1103           8812
           0.0022        17.5716      0.0171621            107           1097           8787
           0.0022        17.9824      0.0177559            105           1137           9091
           0.0022        17.2074      0.0172598             79           1104           8837
           0.0022        17.8083      0.0187812            122           1127           9015
           0.0022        19.3653      0.0185282            154           1147           9190
           0.0022        18.2326      0.0174863            129           1118           8953
           0.0022        17.4018      0.0183125            156           1135           9083
           0.0022        17.2411      0.0174325             92           1099           8786
           0.0022        19.4887      0.0193246            105           1199           9585
           0.0022        19.3005      0.0187958            153           1128           9022
           0.0023        19.3857      0.0197137            132           1221           9778
           0.0023        19.4361       0.018381            120           1158           9264
           0.0023        17.6602      0.0178988             94           1130           9021
           0.0023        17.9825      0.0193508             89           1199           9598
           0.0023        18.1209      0.0181071            108           1141           9126
           0.0023        19.6507       0.018625            119           1171           9387
           0.0023        18.2546      0.0188313            102           1186           9491
           0.0023        17.7236      0.0177401             98           1118           8941
           0.0023        17.0335      0.0181373             91           1106           8851
           0.0023        18.1503      0.0178926            124           1144           9161
           0.0023        17.6377      0.0188095             86           1184           9480
           0.0023        20.8287      0.0195287            150           1191           9530
           0.0023         20.028      0.0195685            143           1214           9706
           0.0023        19.3052      0.0181593            140           1127           9007
           0.0023        17.2657      0.0184819             91           1144           9167
           0.0023        19.6611      0.0188301            137           1207           9641
           0.0023        18.9504      0.0191992            133           1230           9830
           0.0023        18.4767      0.0177441            195           1135           9085
           0.0023         18.234      0.0183848            135           1175           9413
           0.0023         18.602      0.0184221            183           1123           8990
           0.0024        20.4791      0.0204637            145           1269          10150
           0.0024        20.3835      0.0204316            150           1309          10461
           0.0024        20.9384      0.0190156            216           1217           9736
           0.0024        21.2063      0.0193457            205           1236           9905
           0.0024         20.763      0.0198373            187           1249           9998
           0.0024        18.7872      0.0190996            126           1222           9779
           0.0024        18.7573      0.0190933            187           1203           9623
           0.0024         20.581      0.0198535            170           1272          10165
           0.0024        18.5738      0.0184722            111           1166           9310
           0.0024        20.8776      0.0187656            259           1201           9608
           0.0024        19.0276      0.0189782            110           1196           9565
           0.0024        21.5726      0.0205397            149           1294          10352
           0.0024        20.0043      0.0186875            135           1157           9269
           0.0024        19.5897      0.0196548            110           1238           9906
           0.0024        18.9894      0.0191348            150           1226           9797
           0.0024        19.5872      0.0196607            154           1238           9909
           0.0024             20      0.0211127            138           1288          10303
           0.0024        20.8299      0.0199414            166           1276          10210
           0.0024        19.3598       0.019293            120           1234           9878
           0.0024             20      0.0191602            106           1227           9810
           0.0025        20.0943      0.0205352            163           1315          10514
           0.0025        20.4384      0.0202262            138           1275          10194
           0.0025         20.034      0.0193301            133           1236           9897
           0.0025        20.4331      0.0197227            154           1263          10098
           0.0025        19.3557      0.0204657            132           1268          10151
           0.0025        19.6971      0.0197129            117           1261          10093
           0.0025        20.5185      0.0201766            140           1271          10169
           0.0025        18.3947      0.0195774            110           1234           9867
           0.0025        17.6724      0.0199492            102           1276          10214
           0.0025        22.6724      0.0210536            255           1328          10611
           0.0025        19.9028      0.0204316            110           1307          10461
           0.0025        22.5433      0.0206935            149           1283          10264
           0.0025        19.5016      0.0200293            213           1282          10255
           0.0025        21.1716      0.0203926            171           1305          10441
           0.0025         19.308      0.0191048            119           1185           9476
           0.0025        20.3357      0.0200332            115           1281          10257
           0.0025        20.1246      0.0200684            158           1284          10275
           0.0025        22.4195      0.0203909            184           1285          10277
           0.0025        20.4992      0.0205377            131           1294          10351
           0.0025        19.2351      0.0202063            128           1272          10184
           0.0026        20.5393       0.021746            169           1348          10786
