% fname: routing_xy__topology_8x8__.m
% ./noxim -routing xy -dimx 8 -dimy 8  -sim 10000 -warmup 2000 -size 8 8 -buffer 8 -hs 27 0.2 -hs 28 0.2 -hs 35 0.2 -hs 36 0.2 

function [max_pir, max_throughput, min_delay] = routing_xy__topology_8x8__(symbol)

data = [
%             pir      avg_delay     throughput      max_delay       rpackets         rflits
           0.0022        19.7011      0.0184746            164           1181           9459
           0.0022        19.3084      0.0187601            222           1164           9305
           0.0022        20.0451      0.0176032            110           1109           8872
           0.0022        18.9222      0.0173552            111           1093           8747
           0.0022        20.3119      0.0187302            125           1180           9440
           0.0022        18.0976      0.0183266             88           1137           9090
           0.0022        17.3749      0.0178274            106           1123           8985
           0.0022         18.803      0.0175156             98           1122           8968
           0.0022        18.3554      0.0185553             79           1134           9055
           0.0022        17.9648      0.0171389            116           1080           8638
           0.0022        19.6823      0.0179087             93           1127           9026
           0.0022        17.3817       0.018291             95           1116           8926
           0.0022        18.5632      0.0178301            102           1140           9129
           0.0022        20.4613      0.0179173            155           1110           8887
           0.0022        20.0441      0.0183413             92           1156           9244
           0.0022        19.1231      0.0177917            119           1121           8967
           0.0022        18.9748      0.0176806             98           1113           8911
           0.0022        19.0731      0.0183044            107           1135           9079
           0.0022        18.5414      0.0175444            143           1088           8702
           0.0022        18.4491      0.0178972            116           1109           8877
           0.0023        18.7331       0.018666            135           1195           9557
           0.0023        20.3102      0.0196289            143           1254          10050
           0.0023        20.7934      0.0188457            157           1205           9649
           0.0023        19.8679      0.0184531            144           1181           9448
           0.0023        18.9598      0.0199146            102           1194           9559
           0.0023        19.9433      0.0181973            139           1164           9317
           0.0023        20.2176      0.0188849            119           1190           9518
           0.0023        19.8505      0.0192578             99           1231           9860
           0.0023        21.2695      0.0189504            184           1195           9551
           0.0023        20.1777      0.0180575            123           1137           9101
           0.0023        19.8085      0.0186129            105           1154           9232
           0.0023         18.933      0.0182964            127           1135           9075
           0.0023        19.1809      0.0178711             98           1144           9150
           0.0023        21.2264      0.0190867            159           1184           9467
           0.0023        19.1088      0.0181052            125           1140           9125
           0.0023        19.7615      0.0193607            227           1178           9448
           0.0023        20.3982      0.0193353            150           1218           9745
           0.0023        22.3362      0.0180547            224           1157           9244
           0.0023        19.5339      0.0189206            128           1193           9536
           0.0023        18.9215      0.0178906            108           1146           9160
           0.0024        22.2409      0.0201687            149           1270          10165
           0.0024        19.6438      0.0197381            112           1241           9948
           0.0024          19.88      0.0191367            241           1225           9798
           0.0024        20.3299      0.0204435            130           1267          10140
           0.0024        20.5547      0.0189941            136           1215           9725
           0.0024        21.1065      0.0204063            170           1305          10448
           0.0024        20.2591      0.0188867            185           1208           9670
           0.0024        20.5658      0.0191094            168           1223           9784
           0.0024        22.5406      0.0201329            165           1269          10147
           0.0024        19.3579      0.0189082            111           1210           9681
           0.0024        21.1522      0.0199214            130           1235           9881
           0.0024         22.913       0.019873            174           1253          10016
           0.0024        19.6582      0.0196699            125           1258          10071
           0.0024        21.0765      0.0200234            166           1281          10252
           0.0024        21.9669      0.0196627            152           1237           9910
           0.0024        20.6921      0.0192383            100           1231           9850
           0.0024        24.1248      0.0209536            288           1298          10393
           0.0024        21.6383      0.0185605            138           1186           9503
           0.0024        21.1745      0.0196587            212           1238           9908
           0.0024        21.4491      0.0202579            182           1276          10210
           0.0025        25.4628      0.0219385            191           1383          11057
           0.0025        21.0807      0.0195527            113           1252          10011
           0.0025        20.4779         0.0205            120           1291          10332
           0.0025         24.175      0.0204107            224           1286          10287
           0.0025        22.1873      0.0199008            184           1255          10030
           0.0025        21.5608      0.0203448            152           1259          10091
           0.0025        22.6021      0.0207679            150           1307          10467
           0.0025        21.4773      0.0198952            236           1234           9868
           0.0025        21.8157      0.0204297            147           1308          10460
           0.0025        26.5093      0.0208145            262           1290          10324
           0.0025        23.0287      0.0207051            165           1325          10601
           0.0025        22.3774      0.0200655            181           1264          10113
           0.0025        20.8592      0.0196367            133           1257          10054
           0.0025        22.0557      0.0207422            128           1328          10620
           0.0025        20.5067      0.0200357            204           1263          10098
           0.0025        21.3829      0.0202798            182           1277          10221
           0.0025        23.2976      0.0201647            216           1270          10163
           0.0025        20.8732      0.0205859            134           1317          10540
           0.0025        24.3177      0.0210181            178           1303          10425
           0.0025        21.5974      0.0198631            177           1252          10011
           0.0026        21.5069      0.0204082            129           1306          10449
           0.0026        23.9389      0.0209824            154           1343          10743
