% fname: routing_oddeven__sel_bufferlevel__topology_8x8__.m
% ./noxim -routing oddeven -sel bufferlevel -dimx 8 -dimy 8  -sim 10000 -warmup 2000 -size 8 8 -buffer 8 -hs 27 0.2 -hs 28 0.2 -hs 35 0.2 -hs 36 0.2 

function [max_pir, max_throughput, min_delay] = routing_oddeven__sel_bufferlevel__topology_8x8__(symbol)

data = [
%             pir      avg_delay     throughput      max_delay       rpackets         rflits
           0.0022        19.7231      0.0182797            203           1080           8628
           0.0022        17.7792      0.0179762            102           1132           9060
           0.0022        18.8931       0.017752            144           1085           8663
           0.0022        18.8877      0.0188877            168           1113           8915
           0.0022        18.2204      0.0182063            127           1148           9176
           0.0022        18.8676      0.0180403            171           1118           8948
           0.0022        19.8169      0.0182852            115           1169           9362
           0.0022        20.5703      0.0177077            147           1096           8783
           0.0022        19.6588      0.0185504            136           1149           9201
           0.0022        18.7657      0.0176865             98           1114           8914
           0.0022        19.2297      0.0181311            154           1106           8848
           0.0022        20.2555      0.0177344            149           1135           9080
           0.0022        20.6261      0.0186389            143           1174           9394
           0.0022        19.0952      0.0174958            119           1050           8398
           0.0022        19.5659      0.0179583            112           1131           9051
           0.0022        21.6883      0.0184816            183           1126           9019
           0.0022        18.1993      0.0181587            100           1144           9152
           0.0022         18.373      0.0176171             88           1110           8879
           0.0022        18.2659      0.0167664            101           1023           8182
           0.0022        19.6297      0.0183271             97           1099           8797
           0.0023         20.544      0.0197762            124           1226           9809
           0.0023        18.7101      0.0190258            117           1197           9589
           0.0023        19.0906      0.0183869            133           1159           9267
           0.0023        17.3004      0.0175273            139           1122           8974
           0.0023        26.1142      0.0187698            314           1182           9460
           0.0023        20.5778      0.0187621            164           1163           9306
           0.0023        19.9914      0.0182461            148           1168           9342
           0.0023        20.5632      0.0191926            152           1170           9366
           0.0023        18.3053      0.0187004             97           1176           9425
           0.0023        20.1615      0.0184067            151           1158           9277
           0.0023        19.8111      0.0180215            190           1154           9227
           0.0023        22.0076      0.0192117            155           1191           9529
           0.0023        19.2717      0.0180215            157           1152           9227
           0.0023        20.0548      0.0200854            107           1205           9641
           0.0023        20.3229      0.0187659            155           1183           9458
           0.0023        22.9804       0.018629            299           1175           9389
           0.0023        20.6199      0.0187129            159           1197           9581
           0.0023        19.5542       0.018291            117           1171           9365
           0.0023        18.9312      0.0190957            118           1221           9777
           0.0023        20.9836      0.0196895            134           1223           9766
           0.0024        22.3177      0.0196152            252           1256          10043
           0.0024        20.4853      0.0191492            177           1187           9498
           0.0024        20.2618      0.0190992            134           1203           9626
           0.0024        18.6485      0.0192143             78           1209           9684
           0.0024        21.5691      0.0196129            197           1216           9728
           0.0024        24.3017      0.0193965            408           1243           9931
           0.0024        19.9741      0.0199153            105           1235           9878
           0.0024        17.9436      0.0191426            107           1224           9801
           0.0024         19.925      0.0201836             94           1293          10334
           0.0024        21.2371       0.019381            149           1219           9768
           0.0024        19.1582      0.0192877             90           1214           9721
           0.0024        21.3627      0.0187871            184           1202           9619
           0.0024        22.8707      0.0184785            191           1183           9461
           0.0024        20.2105       0.019082            139           1221           9770
           0.0024        20.2054      0.0191794            120           1188           9513
           0.0024        20.1234      0.0190377            193           1199           9595
           0.0024        20.1588      0.0188008            105           1203           9626
           0.0024        19.8233      0.0197944            147           1228           9818
           0.0024        21.4336      0.0196387            123           1257          10055
           0.0024        20.1392      0.0194677            110           1207           9656
           0.0025        21.2246      0.0207097            111           1282          10272
           0.0025        23.4287      0.0208135            224           1311          10490
           0.0025        21.0767       0.019252            145           1213           9703
           0.0025        22.6017      0.0205893            109           1298          10377
           0.0025        23.9638      0.0214782            166           1353          10825
           0.0025        22.2608       0.020502            123           1269          10169
           0.0025        21.7185      0.0198262            138           1268          10151
           0.0025        21.5057      0.0204863            144           1313          10489
           0.0025        23.2152       0.020418            217           1306          10454
           0.0025         21.953      0.0192773            193           1233           9870
           0.0025        22.0227      0.0209611            130           1279          10229
           0.0025        21.0676      0.0206627            136           1302          10414
           0.0025        20.5346      0.0191836            125           1229           9822
           0.0025        22.8926      0.0213711            174           1369          10942
           0.0025        19.5049      0.0196411            231           1218           9742
           0.0025         22.452      0.0204798            239           1270          10158
           0.0025        23.7155      0.0199355            139           1276          10207
           0.0025        22.2102      0.0193242            177           1237           9894
           0.0025        21.4314      0.0210833            151           1326          10626
           0.0025        20.9888      0.0201613            139           1251          10000
           0.0026        24.5843       0.020869            252           1316          10518
