% fname: routing_oddeven__sel_random__topology_8x8__.m
% ./noxim -routing oddeven -sel random -dimx 8 -dimy 8  -sim 10000 -warmup 2000 -size 8 8 -buffer 8 -hs 27 0.2 -hs 28 0.2 -hs 35 0.2 -hs 36 0.2 

function [max_pir, max_throughput, min_delay] = routing_oddeven__sel_random__topology_8x8__(symbol)

data = [
%             pir      avg_delay     throughput      max_delay       rpackets         rflits
           0.0022         18.873      0.0181885             98           1110           8876
           0.0022        18.0989      0.0187049            105           1142           9128
           0.0022        18.5658       0.018334            132           1117           8947
           0.0022        20.0083      0.0191905            116           1208           9672
           0.0022        20.4174       0.018369            157           1138           9111
           0.0022         20.531      0.0184266            142           1160           9287
           0.0022        21.1037      0.0179414            144           1147           9186
           0.0022        18.4066      0.0172401            118           1087           8689
           0.0022        17.3733       0.017998             79           1133           9071
           0.0022        18.8486      0.0175706            117           1090           8715
           0.0022        21.6255      0.0187996            234           1183           9475
           0.0022         19.606      0.0199978            134           1160           9279
           0.0022         18.904      0.0181734             95           1125           9014
           0.0022        18.8273      0.0178396            117           1071           8563
           0.0022        20.4545       0.017252            145           1087           8695
           0.0022        18.4353      0.0181806            115           1144           9163
           0.0022        18.1826      0.0182298            114           1128           9042
           0.0022        18.5582       0.016631            106           1048           8382
           0.0022        20.0996      0.0181532            146           1125           9004
           0.0022        19.3016      0.0181567            116           1144           9151
           0.0023        19.1408      0.0186348            109           1193           9541
           0.0023        21.2284      0.0195726            148           1213           9708
           0.0023        20.3141      0.0193185            106           1197           9582
           0.0023        22.3517      0.0192798            163           1214           9717
           0.0023        19.1792      0.0184941            126           1183           9469
           0.0023         19.958      0.0177659            139           1119           8954
           0.0023        21.8304      0.0196667            133           1238           9912
           0.0023         19.523      0.0183398            153           1174           9390
           0.0023        18.4768       0.017371            139           1076           8616
           0.0023         20.191      0.0189012            171           1173           9375
           0.0023        20.9358      0.0190278            116           1199           9590
           0.0023        21.5578      0.0187917            186           1185           9471
           0.0023        20.7468      0.0190943            180           1165           9318
           0.0023         20.034      0.0192676            131           1234           9865
           0.0023        18.9272      0.0183062            107           1099           8787
           0.0023         22.105      0.0203167            127           1219           9752
           0.0023        21.2971      0.0194415            141           1205           9643
           0.0023        19.7109      0.0183457            111           1176           9393
           0.0023        18.9907      0.0186627            132           1177           9406
           0.0023        19.6864      0.0192617            126           1234           9862
           0.0024        22.3116      0.0197639            198           1245           9961
           0.0024        21.2387      0.0193652            117           1240           9915
           0.0024        20.1043      0.0187012             96           1199           9575
           0.0024         21.087      0.0203931            119           1264          10115
           0.0024        22.9928      0.0205963            220           1254          10051
           0.0024        19.3024      0.0187109            110           1197           9580
           0.0024        20.5284      0.0202418            136           1234           9878
           0.0024         20.313      0.0194316            113           1243           9949
           0.0024        22.0785      0.0200918            143           1286          10287
           0.0024        21.8329        0.01975            234           1263          10112
           0.0024        18.8462       0.018791             93           1203           9621
           0.0024        20.7716      0.0194173            123           1204           9631
           0.0024        24.2548      0.0198472            276           1252          10003
           0.0024        21.8003       0.019879            142           1252          10019
           0.0024         21.819      0.0193829            182           1221           9769
           0.0024         21.859      0.0199395            260           1277          10209
           0.0024        21.2964      0.0184668            159           1181           9455
           0.0024        22.5982      0.0190703            177           1222           9764
           0.0024        20.9427       0.019381            179           1221           9768
           0.0024          23.46      0.0196825            168           1239           9920
           0.0025        21.3829       0.020834            142           1332          10667
           0.0025        21.3407      0.0198672            183           1271          10172
           0.0025        20.7015      0.0206806            158           1303          10423
           0.0025        22.6943      0.0203613            134           1302          10425
           0.0025        22.5635      0.0214365            141           1308          10461
           0.0025        19.9776      0.0195781             89           1252          10024
           0.0025        21.8332      0.0208294            129           1313          10498
           0.0025        20.0218      0.0196667             97           1240           9912
           0.0025        20.5856       0.020002            123           1262          10081
           0.0025        22.5206      0.0204824            185           1312          10487
           0.0025        21.0715      0.0206311            104           1259          10068
           0.0025        21.6445       0.020748            151           1308          10457
           0.0025        19.8876      0.0197246            175           1263          10099
           0.0025         22.435      0.0198948            208           1253          10027
           0.0025        19.9742      0.0199677            112           1240           9904
           0.0025        22.7722      0.0200139            185           1260          10087
           0.0025        21.4911      0.0202871            108           1299          10387
           0.0025        24.2562      0.0216091            167           1362          10891
           0.0025        24.7467       0.020625            242           1279          10230
           0.0025        20.6688      0.0192109            139           1229           9836
           0.0026        23.8587      0.0220258            141           1387          11101
