% fname: routing_oddeven__sel_bufferlevel__topology_8x8__.m
% ./noxim -routing oddeven -sel bufferlevel -dimx 8 -dimy 8  -sim 10000 -warmup 2000 -size 8 8 -traffic transpose1 -buffer 4 

function [max_pir, max_throughput, min_delay] = routing_oddeven__sel_bufferlevel__topology_8x8__(symbol)

data = [
%             pir      avg_delay     throughput      max_delay       rpackets         rflits
            0.008        25.8127      0.0647949            403           4148          33175
            0.008        25.2502      0.0638828            413           4088          32708
            0.008        26.4185      0.0643965            388           4122          32971
            0.008        25.9778      0.0634258            322           4059          32474
            0.008        28.4482      0.0645625            845           4132          33056
            0.008        24.8266      0.0642344            532           4113          32888
            0.008        25.5787       0.064375            469           4121          32960
            0.008        31.4064      0.0640566           1386           4097          32797
            0.008        25.5165      0.0648457            407           4153          33201
            0.008        24.2754      0.0639473            652           4092          32741
            0.008        29.2593       0.064502            848           4126          33025
            0.008        26.1205       0.063834            763           4084          32683
            0.008        29.4789      0.0651035            798           4166          33333
            0.008        26.3276       0.063334            309           4054          32427
            0.008        26.7087      0.0631582            900           4040          32337
            0.008        26.2948      0.0645586            859           4132          33054
            0.008        23.7552      0.0629121            353           4028          32211
            0.008        26.2035      0.0645898            308           4132          33070
            0.008        27.4428      0.0642754            937           4115          32909
            0.008        26.5607      0.0648789            666           4152          33218
           0.0088        30.8965      0.0708613            750           4539          36281
           0.0088        26.0804      0.0712891            415           4563          36500
           0.0088        33.0933       0.069832            767           4468          35754
           0.0088        29.6527      0.0701934            469           4495          35939
           0.0088        37.8469      0.0699199           1318           4475          35799
           0.0088        27.2594      0.0694609            460           4448          35564
           0.0088        34.6791      0.0725566           1276           4643          37149
           0.0088        27.6352      0.0694141            588           4444          35540
           0.0088        29.9899      0.0711055            483           4550          36406
           0.0088        31.9678      0.0717773            816           4593          36750
           0.0088        31.6462      0.0694258            896           4446          35546
           0.0088        29.1786       0.069623            478           4456          35647
           0.0088        33.2611      0.0736953            822           4718          37732
           0.0088        33.1543       0.070125            726           4490          35904
           0.0088        34.1039      0.0702383            917           4494          35962
           0.0088        31.4182      0.0687832            862           4405          35217
           0.0088        31.9332      0.0716133            699           4583          36666
           0.0088        29.7595      0.0695313            508           4453          35600
           0.0088        36.3535       0.072752           1148           4656          37249
           0.0088        33.1039      0.0705898           1204           4516          36142
           0.0096        55.9978       0.077168           2562           4937          39510
           0.0096        36.5818      0.0772637            702           4943          39559
           0.0096        33.1435      0.0768477            904           4920          39346
           0.0096        55.5718      0.0773281           3335           4951          39592
           0.0096        40.1402      0.0774688           1012           4957          39664
           0.0096        39.3689      0.0771641           1132           4939          39508
           0.0096        35.4141      0.0783281            691           5013          40104
           0.0096        36.5193      0.0748047           1082           4787          38300
           0.0096        50.6944      0.0774941           1797           4964          39677
           0.0096        32.4192      0.0758398            660           4852          38830
           0.0096        39.6498      0.0758008           1246           4851          38810
           0.0096        36.0572      0.0768594           1075           4916          39352
           0.0096        38.2051      0.0762383            596           4881          39034
           0.0096        42.3152      0.0779551           1197           4987          39913
           0.0096        37.1521      0.0778223            998           4978          39845
           0.0096        35.2531       0.076873            480           4919          39359
           0.0096        42.1551      0.0776016           1309           4963          39732
           0.0096        35.6513       0.077125            715           4935          39488
           0.0096        42.3067      0.0781465           1339           5005          40011
           0.0096        45.0365      0.0787773           1259           5039          40334
           0.0104          55.53      0.0828281           2353           5300          42408
           0.0104        51.6353      0.0849844           1480           5435          43512
           0.0104        43.9562      0.0844824           2275           5410          43255
           0.0104        40.2576      0.0842305            764           5392          43126
           0.0104        52.4841      0.0839531           1667           5377          42984
           0.0104         55.519      0.0828945           1378           5304          42442
           0.0104        42.5967       0.084375            709           5400          43200
           0.0104        51.3809      0.0836895           1939           5356          42849
           0.0104        40.4061      0.0818281           1175           5242          41896
           0.0104        51.4569      0.0854297           1553           5470          43740
           0.0104        40.3229      0.0817734           1039           5234          41868
           0.0104        51.6773      0.0841816           1222           5389          43101
           0.0104        42.5015      0.0815391           1126           5216          41748
           0.0104        44.9476      0.0831602           1743           5323          42578
           0.0104        47.0011      0.0844023           1228           5397          43214
           0.0104        44.9745      0.0846621            767           5420          43347
           0.0104        40.6412      0.0830039            793           5310          42498
           0.0104        43.0183      0.0812988           1055           5205          41625
           0.0104        43.9265      0.0835801            755           5346          42793
           0.0104        39.7797      0.0812715           1022           5201          41611
           0.0112        71.5741      0.0874551           3989           5595          44777
