% fname: routing_oddeven__sel_nop__topology_8x8__.m
% ./noxim -routing oddeven -sel nop -dimx 8 -dimy 8  -sim 10000 -warmup 2000 -size 8 8 -buffer 2 -hs 6 0.2 -hs 7 0.2 -hs 14 0.2 -hs 15 0.2 

function [max_pir, max_throughput, min_delay] = routing_oddeven__sel_nop__topology_8x8__(symbol)

data = [
%             pir      avg_delay     throughput      max_delay       rpackets         rflits
           0.0015        21.6018      0.0128508            135            796           6374
           0.0015        20.2742      0.0127396             81            766           6115
           0.0015        19.9226      0.0125218             96            788           6311
           0.0015        19.1124      0.0126742            100            774           6185
           0.0015        20.9251      0.0131096            110            748           5978
           0.0015             20      0.0129461             94            751           6007
           0.0015        21.7494      0.0142545            122            798           6386
           0.0015        19.5699      0.0136705            123            751           6015
           0.0015        20.4636      0.0135125             86            811           6486
           0.0015        19.2568      0.0122146            111            732           5863
           0.0015        19.8203      0.0121291             98            740           5919
           0.0015        20.5165      0.0124242             97            757           6063
           0.0015        19.5252      0.0125771             75            754           6037
           0.0015        19.8623      0.0127398            111            777           6217
           0.0015        20.3559      0.0125861            102            767           6142
           0.0015        19.4102      0.0119529             83            729           5833
           0.0015        18.3731      0.0116129             81            721           5760
           0.0015        21.2418      0.0130536            150            823           6579
           0.0015        20.0643      0.0130266            107            793           6357
           0.0015        19.7708      0.0134741            118            781           6252
           0.0017         22.105      0.0140779            184            857           6870
           0.0017        22.1588      0.0150551            125            888           7106
           0.0017        21.5943      0.0145042            133            870           6962
           0.0017         20.652         0.0136             98            816           6528
           0.0017        21.7049      0.0149009            121            864           6914
           0.0017        23.8655       0.014877            142            922           7379
           0.0017        20.9734      0.0137667             91            826           6608
           0.0017        21.9931      0.0139839            143            868           6936
           0.0017        20.8347      0.0136045            109            829           6639
           0.0017        20.8824      0.0140647            211            816           6526
           0.0017        21.5794      0.0142987            125            844           6749
           0.0017        20.3432      0.0139306             86            877           7021
           0.0017        21.7476      0.0146409            140            923           7379
           0.0017        20.5535      0.0140984             84            860           6880
           0.0017        20.6976      0.0145604             87            873           6989
           0.0017        21.5127      0.0149016            136            909           7272
           0.0017        21.4563      0.0143208             90            859           6874
           0.0017        23.3119      0.0140121            187            869           6950
           0.0017        21.3231       0.013875            125            848           6771
           0.0017        21.8131      0.0150896            107            904           7243
           0.0019           23.6      0.0163083            238            980           7828
           0.0019        23.8655      0.0159266            218           1004           8027
           0.0019        22.9102      0.0160556            129           1013           8092
           0.0019        22.2068      0.0155278            100            977           7826
           0.0019          23.75      0.0161316            144            920           7356
           0.0019        24.4507      0.0154467            117            943           7538
           0.0019        22.8189      0.0163728             98            950           7597
           0.0019         25.344      0.0173463            135           1058           8465
           0.0019         23.737       0.015254            196            962           7688
           0.0019        24.9046      0.0158833            188            954           7624
           0.0019        24.0335       0.015166            165            926           7401
           0.0019        23.3596      0.0161492            207           1001           8010
           0.0019        21.9342      0.0149563             95            942           7538
           0.0019          22.06      0.0158848            122           1017           8133
           0.0019        22.5292      0.0157418            117            960           7682
           0.0019        25.5399      0.0159536            186            989           7913
           0.0019        25.7874      0.0164167            164           1035           8274
           0.0019        22.7221      0.0155676            170            950           7597
           0.0019         24.609      0.0162157            144           1005           8043
           0.0019         21.455      0.0150458            124            901           7222
           0.0021        25.1277      0.0174549            170           1065           8518
           0.0021        23.4337      0.0168671            149           1063           8501
           0.0021        28.3646      0.0179464            228           1130           9045
           0.0021         25.288      0.0170504            164           1059           8457
           0.0021        24.3744      0.0158379            168           1015           8109
           0.0021        26.8278      0.0180615            148           1138           9103
           0.0021        24.3451      0.0169496            159           1052           8407
           0.0021        25.9478      0.0169693            196           1035           8281
           0.0021        26.5705      0.0179762            163           1134           9060
           0.0021        24.4076      0.0173448            131           1077           8603
           0.0021        24.8443      0.0166523            147           1066           8526
           0.0021        22.4612      0.0165391            118           1058           8468
           0.0021        29.0046      0.0174496            266           1082           8655
           0.0021        24.6092      0.0177848            105           1085           8679
           0.0021        24.6439      0.0172056            185           1067           8534
           0.0021        26.9871      0.0180438            170           1083           8661
           0.0021         24.611      0.0178586            118           1090           8715
           0.0021        26.2705       0.017131            154           1061           8497
           0.0021        23.3703      0.0173214            138           1091           8730
           0.0021        25.9889      0.0173992            249           1080           8630
           0.0023        29.2884      0.0185508            200           1186           9498
