% fname: routing_oddeven__sel_bufferlevel__topology_8x8__.m
% ./noxim -routing oddeven -sel bufferlevel -dimx 8 -dimy 8  -sim 10000 -warmup 2000 -size 8 8 -buffer 4 -hs 27 0.2 -hs 28 0.2 -hs 35 0.2 -hs 36 0.2 

function [max_pir, max_throughput, min_delay] = routing_oddeven__sel_bufferlevel__topology_8x8__(symbol)

data = [
%             pir      avg_delay     throughput      max_delay       rpackets         rflits
            0.002        18.9535      0.0161113            174           1032           8249
            0.002        17.7917      0.0160813             96           1013           8105
            0.002        17.5771      0.0156548             91            986           7890
            0.002        17.1594      0.0163711             92           1048           8382
            0.002        18.0879      0.0165021            133            990           7921
            0.002        21.4906      0.0171377            231           1011           8089
            0.002        17.3562      0.0152695            113            977           7818
            0.002        18.0763      0.0164738            211           1022           8171
            0.002        16.9428      0.0160437             99            961           7701
            0.002        20.4936      0.0174226            161           1100           8781
            0.002        16.9971      0.0165403            142           1025           8204
            0.002        17.4388      0.0173008            163           1021           8166
            0.002        16.0866      0.0160363             69            993           7954
            0.002        17.6345      0.0167208            119           1004           8026
            0.002        20.5879      0.0165377            264           1041           8335
            0.002        17.9961      0.0177091            105           1027           8217
            0.002        18.4451      0.0174738             93           1083           8667
            0.002        21.0325      0.0163528            264           1016           8111
            0.002        16.7803      0.0173012             82           1056           8443
            0.002        17.6293       0.017127             84           1079           8632
           0.0022        20.5429      0.0179663            134           1131           9055
           0.0022        19.5676       0.017754            124           1117           8948
           0.0022        22.6495      0.0181472            268           1124           9001
           0.0022        19.2306      0.0188369            103           1110           8891
           0.0022        19.8673      0.0176543            120           1130           9039
           0.0022        20.4667      0.0186492            145           1155           9250
           0.0022        20.1485      0.0173398            260           1111           8878
           0.0022        18.4809      0.0176094             92           1127           9016
           0.0022        21.9964      0.0174246            135           1097           8782
           0.0022        21.0859      0.0185806            121           1152           9216
           0.0022        19.5406      0.0188917            134           1134           9068
           0.0022        20.5826      0.0189274            143           1174           9388
           0.0022        21.8188      0.0181016            218           1159           9268
           0.0022        18.2633      0.0178581            111           1052           8429
           0.0022         17.149      0.0164688             86           1054           8432
           0.0022        19.3926      0.0175794            126           1108           8860
           0.0022          20.25      0.0186721            121           1140           9112
           0.0022        21.2044      0.0187083            201           1179           9429
           0.0022         20.867      0.0189073            166           1173           9378
           0.0022        18.3428      0.0171172            121           1094           8764
           0.0024        20.5109      0.0188671            120           1188           9509
           0.0024         23.055         0.0205            128           1292          10332
           0.0024         22.589      0.0202321            220           1275          10197
           0.0024        21.5693      0.0193611            160           1219           9758
           0.0024        23.5083      0.0190794            211           1202           9616
           0.0024        20.7801      0.0195887            126           1214           9716
           0.0024         23.086      0.0201914            198           1291          10338
           0.0024        20.7237       0.019625            208           1216           9734
           0.0024        22.2156       0.019418            265           1243           9942
           0.0024        22.7051      0.0197441            297           1265          10109
           0.0024        24.4928      0.0197222            180           1242           9940
           0.0024        19.9924      0.0184141            154           1178           9428
           0.0024        27.4606      0.0200766            313           1244           9958
           0.0024        21.2671      0.0206815            137           1284          10258
           0.0024        22.5816      0.0199816            140           1219           9751
           0.0024        24.2935      0.0189008            178           1189           9526
           0.0024        22.1817      0.0191074            166           1222           9783
           0.0024        22.9859      0.0188652            233           1208           9659
           0.0024        20.9804      0.0197641            165           1225           9803
           0.0024        25.1128      0.0191055            255           1223           9782
           0.0026        26.5762      0.0220143            199           1345          10743
           0.0026        24.1176      0.0207619            182           1309          10464
           0.0026         24.492      0.0205977            233           1317          10546
           0.0026        24.1859      0.0210794            180           1329          10624
           0.0026        21.9992      0.0211528            124           1331          10661
           0.0026        24.1399       0.020629            196           1301          10397
           0.0026         22.895      0.0211855            216           1314          10508
           0.0026         27.065      0.0206758            289           1324          10586
           0.0026        24.6014      0.0206706            252           1302          10418
           0.0026        23.8429      0.0212031            284           1356          10856
           0.0026        23.0143      0.0214254            168           1328          10627
           0.0026        23.8197      0.0199297            165           1276          10204
           0.0026        26.8286      0.0216172            181           1383          11068
           0.0026        24.6803      0.0213075            193           1342          10739
           0.0026        22.6964      0.0200801            157           1288          10281
           0.0026         23.994      0.0207949            237           1331          10647
           0.0026         21.496      0.0196797            109           1258          10076
           0.0026        22.3238      0.0207637            205           1328          10631
           0.0026         23.441      0.0218175            260           1374          10996
           0.0026        30.0128       0.021959            320           1406          11243
           0.0028        36.0475       0.022375            464           1433          11456
