% fname: routing_dyad_0_6__sel_bufferlevel__topology_8x8__.m
% ./noxim -routing dyad 0.6 -sel bufferlevel -dimx 8 -dimy 8  -sim 10000 -warmup 2000 -size 8 8 -buffer 8 

function [max_pir, max_throughput, min_delay] = routing_dyad_0_6__sel_bufferlevel__topology_8x8__(symbol)

data = [
%             pir      avg_delay     throughput      max_delay       rpackets         rflits
             0.01        26.8564      0.0782559            167           5008          40067
             0.01        27.1978      0.0801426            224           5127          41033
             0.01        27.1718      0.0812305            158           5198          41590
             0.01        26.9881      0.0816602            199           5227          41810
             0.01        25.8812       0.080377            168           5144          41153
             0.01        26.6178      0.0790762            152           5060          40487
             0.01        25.2985      0.0775137            233           4962          39687
             0.01        27.3466      0.0810527            197           5184          41499
             0.01        26.4574      0.0805801            152           5157          41257
             0.01        27.4387      0.0816777            162           5229          41819
             0.01        25.1412      0.0776191            158           4971          39741
             0.01        28.0949      0.0827539            200           5299          42370
             0.01        27.3587      0.0817891            197           5235          41876
             0.01        25.8153      0.0794551            169           5085          40681
             0.01        27.7609      0.0806055            215           5156          41270
             0.01        26.4492      0.0784414            199           5018          40162
             0.01        27.7838      0.0806211            266           5162          41278
             0.01        26.8312      0.0800137            180           5119          40967
             0.01        26.3843      0.0812793            177           5204          41615
             0.01        27.9611      0.0816074            180           5221          41783
            0.011        29.4223      0.0890469            173           5698          45592
            0.011        28.2038      0.0870742            192           5575          44582
            0.011        28.7867      0.0871152            287           5575          44603
            0.011        30.9495      0.0891484            277           5702          45644
            0.011        29.6317      0.0872949            200           5585          44695
            0.011        31.6029      0.0892695            226           5714          45706
            0.011        29.6475      0.0872031            210           5583          44648
            0.011        30.1272      0.0867012            205           5549          44391
            0.011        30.4272      0.0890391            206           5702          45588
            0.011        29.9529      0.0896309            156           5734          45891
            0.011        28.4687      0.0875371            208           5598          44819
            0.011        30.2535      0.0891758            216           5704          45658
            0.011        29.0039      0.0891309            190           5711          45635
            0.011        29.4566      0.0876191            171           5605          44861
            0.011        30.3799      0.0888477            249           5685          45490
            0.011        30.9842      0.0888457            244           5684          45489
            0.011        28.9662      0.0869648            184           5567          44526
            0.011        29.7441      0.0881699            240           5642          45143
            0.011        28.9909       0.087332            230           5589          44714
            0.011        29.4951      0.0869746            190           5566          44531
            0.012        32.9847      0.0969609            251           6207          49644
            0.012        34.4999      0.0958984            266           6137          49100
            0.012        33.7442      0.0960938            235           6149          49200
            0.012         32.085      0.0972383            188           6224          49786
            0.012         33.954       0.098041            213           6276          50197
            0.012        33.7127      0.0970938            230           6214          49712
            0.012        32.9584      0.0960645            267           6148          49185
            0.012        35.0283      0.0971426            225           6213          49737
            0.012        33.5533      0.0960762            337           6147          49191
            0.012        35.1591      0.0970918            262           6218          49711
            0.012        32.1313      0.0945664            237           6054          48418
            0.012        32.5734      0.0966777            242           6186          49499
            0.012         33.351      0.0973887            233           6236          49863
            0.012        31.7012      0.0942109            173           6031          48236
            0.012         30.827      0.0936895            208           5995          47969
            0.012         33.357      0.0967539            204           6194          49538
            0.012         31.539      0.0951543            230           6083          48719
            0.012        33.7395      0.0978203            265           6260          50084
            0.012        32.3381      0.0938652            217           6005          48059
            0.012        33.3515      0.0961406            272           6151          49224
            0.013        36.9655       0.103736            216           6635          53113
            0.013        38.4747        0.10259            358           6568          52526
            0.013        36.0055         0.1029            257           6583          52685
            0.013        38.6941       0.103969            366           6658          53232
            0.013        37.4773       0.105309            310           6738          53918
            0.013        35.4586       0.104596            203           6694          53553
            0.013        38.3363       0.103721            337           6636          53105
            0.013        38.8381       0.106689            483           6832          54625
            0.013        35.6383       0.104082            298           6661          53290
            0.013        37.6581       0.102244            287           6545          52349
            0.013        37.2427       0.104656            390           6699          53584
            0.013        37.9439       0.105857            377           6775          54199
            0.013        37.3087       0.104361            350           6682          53433
            0.013        36.6552       0.103365            275           6619          52923
            0.013        35.9771       0.102916            262           6589          52693
            0.013        39.5479       0.103539            372           6627          53012
            0.013        37.2585        0.10391            278           6655          53202
            0.013        37.8864       0.104977            252           6718          53748
            0.013         36.727       0.106043            256           6788          54294
            0.013        38.1684       0.103268            295           6603          52873
            0.014        46.2564       0.112342            500           7193          57519
