% fname: routing_oddeven__sel_random__topology_8x8__.m
% ./noxim -routing oddeven -sel random -dimx 8 -dimy 8  -sim 10000 -warmup 2000 -size 8 8 -buffer 2 -hs 27 0.2 -hs 28 0.2 -hs 35 0.2 -hs 36 0.2 

function [max_pir, max_throughput, min_delay] = routing_oddeven__sel_random__topology_8x8__(symbol)

data = [
%             pir      avg_delay     throughput      max_delay       rpackets         rflits
           0.0018        16.7168      0.0152225            125            897           7185
           0.0018        17.5969      0.0142599            122            898           7187
           0.0018        16.5085       0.015373             84            936           7502
           0.0018        17.4751      0.0161496            105            985           7881
           0.0018        18.1201      0.0156272            114            891           7126
           0.0018        16.7124       0.014129             81            890           7121
           0.0018        18.2194      0.0142837            129            898           7199
           0.0018        17.6495      0.0156291             88            953           7627
           0.0018        17.1861      0.0145833            103            919           7350
           0.0018         17.489      0.0151208            117            908           7258
           0.0018        16.8474      0.0141673             94            878           7027
           0.0018        16.7781      0.0146169            147            906           7250
           0.0018        16.8051      0.0149542             72            898           7178
           0.0018        16.4316      0.0150595             77            950           7590
           0.0018        18.0466      0.0146468            157            922           7382
           0.0018        15.8288      0.0153854             77            923           7385
           0.0018        15.9956      0.0144524            152            910           7284
           0.0018        18.2646      0.0153521            115            922           7369
           0.0018        18.1019      0.0149643            120            942           7542
           0.0018        16.9777      0.0154303             99            943           7530
            0.002        20.2622      0.0168609            161           1045           8363
            0.002        17.5045      0.0162621            168           1009           8066
            0.002        20.1315      0.0172944            132           1072           8578
            0.002        17.7821      0.0169637            101           1051           8414
            0.002        19.6445      0.0161845            134           1021           8157
            0.002        19.1469      0.0176694            149           1096           8764
            0.002        18.5099      0.0162238            138           1006           8047
            0.002        19.9281      0.0159167            122           1002           8022
            0.002        17.9225      0.0171367            122           1097           8774
            0.002        20.5577       0.016371            175           1031           8251
            0.002         18.912      0.0175275            106           1034           8273
            0.002        17.4349      0.0163367             95           1014           8103
            0.002        19.7651      0.0176512            136           1094           8755
            0.002         19.096       0.016543             97           1010           8073
            0.002        18.3867      0.0160302            125            993           7951
            0.002        16.9008       0.015291             93            978           7829
            0.002        18.9796      0.0162738            174           1028           8202
            0.002        18.6081      0.0165123            225           1008           8058
            0.002        19.4165      0.0158906            150           1018           8136
            0.002        20.0995      0.0171086            138           1045           8349
           0.0022        22.2637        0.01825            214           1096           8760
           0.0022        23.6099      0.0195471            165           1192           9539
           0.0022        19.3342      0.0183563            108           1101           8811
           0.0022        19.4494       0.017256            101           1088           8697
           0.0022        19.7548      0.0170117            164           1089           8710
           0.0022        21.7065      0.0183333            245           1155           9240
           0.0022        20.3062      0.0183689            130           1120           8964
           0.0022        21.0125      0.0179819            144           1116           8919
           0.0022        20.5093      0.0183327            130           1135           9093
           0.0022        23.0837      0.0188848            273           1207           9669
           0.0022        19.5032      0.0176915            100           1097           8775
           0.0022        18.2527      0.0173413            115           1092           8740
           0.0022        19.7619      0.0183373            138           1155           9242
           0.0022         18.391      0.0175337            109           1105           8837
           0.0022        19.7126      0.0181621            141           1162           9299
           0.0022        21.1033      0.0175566            173           1123           8989
           0.0022        19.5651       0.017666            185           1129           9045
           0.0022        19.2077      0.0176468            108           1112           8894
           0.0022        19.5434       0.017625            119           1128           9024
           0.0022        20.2568      0.0177207            152           1133           9073
           0.0024        22.3347      0.0201492            163           1249           9994
           0.0024        22.3322      0.0190859            177           1222           9772
           0.0024        22.3726      0.0189453            141           1213           9700
           0.0024        23.2783      0.0198809            182           1272          10179
           0.0024        23.2377       0.018998            258           1178           9423
           0.0024        22.5461      0.0199242            157           1216           9723
           0.0024        22.8332      0.0201371            150           1247           9988
           0.0024        20.5216      0.0197316            168           1202           9629
           0.0024        24.6901      0.0202439            189           1236           9879
           0.0024        20.8052      0.0189067            155           1191           9529
           0.0024        22.5374      0.0189766            178           1215           9716
           0.0024        23.6946       0.019209            279           1231           9835
           0.0024        22.5083      0.0191825            139           1208           9668
           0.0024        20.9756      0.0191875            134           1229           9824
           0.0024        22.1817       0.018752            124           1200           9601
           0.0024        21.8928      0.0197077            145           1222           9775
           0.0024        24.6822      0.0204504            226           1290          10307
           0.0024        23.7293      0.0190371            183           1219           9747
           0.0024        24.6939      0.0203875            216           1225           9786
           0.0024        22.2573      0.0197439            164           1205           9635
           0.0026        24.9521      0.0208672            318           1335          10684
