% fname: routing_oddeven__sel_bufferlevel__topology_8x8__.m
% ./noxim -routing oddeven -sel bufferlevel -dimx 8 -dimy 8  -sim 10000 -warmup 2000 -size 8 8 -buffer 2 -hs 27 0.2 -hs 28 0.2 -hs 35 0.2 -hs 36 0.2 

function [max_pir, max_throughput, min_delay] = routing_oddeven__sel_bufferlevel__topology_8x8__(symbol)

data = [
%             pir      avg_delay     throughput      max_delay       rpackets         rflits
           0.0018        16.4413      0.0153208            100            920           7354
           0.0018        17.5681      0.0141947            212            866           6927
           0.0018        16.2225       0.015168             89            926           7402
           0.0018        16.1654      0.0147837            114            931           7451
           0.0018         16.167      0.0147621             71            916           7322
           0.0018        16.3073      0.0146593             94            908           7271
           0.0018        16.7855      0.0153422            106            937           7487
           0.0018        17.2749      0.0150333             87            902           7216
           0.0018        16.9311      0.0150041            109            914           7322
           0.0018        16.3121      0.0144286             79            910           7272
           0.0018         17.371      0.0158387             97            981           7856
           0.0018        16.0278      0.0141332             76            864           6897
           0.0018        16.2237      0.0155179            109            979           7821
           0.0018         15.735      0.0153021             87            917           7345
           0.0018         17.468      0.0153571            105            968           7740
           0.0018        17.1925      0.0143532            108            904           7234
           0.0018        17.4333      0.0154663            138            974           7795
           0.0018        17.9466      0.0158103            141            917           7336
           0.0018        16.8063      0.0157583             98            945           7564
           0.0018        17.6393      0.0148671            128            937           7493
            0.002         18.335      0.0167848            146           1024           8191
            0.002        21.6475      0.0162641            348           1010           8067
            0.002        16.7826      0.0159734            106            975           7795
            0.002        17.7515      0.0162177            112           1006           8044
            0.002        17.6728      0.0161055            112           1030           8246
            0.002        17.4103      0.0166089             98           1031           8238
            0.002        18.8299      0.0164012            127           1017           8135
            0.002        19.9681      0.0164087            135           1035           8270
            0.002        19.0496      0.0168648            132           1029           8230
            0.002        18.2802      0.0172056            156           1067           8534
            0.002        18.6886      0.0171721            139           1047           8380
            0.002        16.7559      0.0159119             68            971           7765
            0.002        18.2485      0.0158105            146           1014           8095
            0.002        20.6208      0.0177036            137           1097           8781
            0.002        19.2987      0.0166429            169           1048           8388
            0.002        18.7079      0.0164167            182           1034           8274
            0.002        19.4211      0.0171352            147           1045           8362
            0.002        18.6892      0.0167188            115           1004           8025
            0.002        16.9047      0.0152422            109            976           7804
            0.002        19.6918      0.0166996            154           1035           8283
           0.0022        19.4004      0.0169219            130           1084           8664
           0.0022        20.4228      0.0182324            183           1166           9335
           0.0022        20.0632      0.0184809            241           1091           8723
           0.0022        19.1918       0.018125            193           1142           9135
           0.0022        20.9956      0.0194831            181           1149           9196
           0.0022        18.6854      0.0172341            139           1084           8686
           0.0022        19.8464      0.0184127            135           1159           9280
           0.0022        20.5277      0.0180544            212           1120           8955
           0.0022         18.679      0.0180396            150           1084           8659
           0.0022        21.1173       0.017879            287           1108           8868
           0.0022        19.1412      0.0180565            137           1119           8956
           0.0022        19.0318      0.0166836            146           1068           8542
           0.0022        20.9046      0.0181587            166           1142           9152
           0.0022        20.5085      0.0188669            144           1170           9358
           0.0022        19.2504         0.0185            108           1166           9324
           0.0022         20.083      0.0176915            123           1097           8775
           0.0022         17.145       0.017418             81           1117           8918
           0.0022        18.9539      0.0174556            112           1084           8658
           0.0022        21.5822      0.0181548            152           1144           9150
           0.0022        18.9416      0.0179484            104           1131           9046
           0.0024        24.8833      0.0212172            200           1294          10354
           0.0024        23.1349       0.019916            146           1275          10197
           0.0024        22.1366      0.0189805            211           1215           9718
           0.0024        23.7759      0.0191468            318           1205           9650
           0.0024        22.3191      0.0196633            129           1219           9753
           0.0024        20.9992      0.0195933            186           1234           9875
           0.0024        21.3403      0.0198671            202           1252          10013
           0.0024        22.9823      0.0191573            161           1188           9502
           0.0024        19.9308      0.0182871            146           1170           9363
           0.0024        22.8258      0.0199961            187           1280          10238
           0.0024        21.3014      0.0190726            130           1181           9460
           0.0024        23.3281      0.0200377            233           1262          10099
           0.0024        25.1707      0.0192168            245           1230           9839
           0.0024        19.5998      0.0194713            176           1187           9502
           0.0024         21.109       0.018498            165           1184           9471
           0.0024        23.6462      0.0201211            319           1289          10302
           0.0024        19.7755      0.0186953            141           1198           9572
           0.0024        22.9146      0.0191992            141           1229           9830
           0.0024         23.358      0.0194194            181           1204           9632
           0.0024        21.2063      0.0193887            139           1241           9927
           0.0026        24.4472      0.0219444            185           1382          11060
