% fname: routing_oddeven__sel_nop__topology_8x8__.m
% ./noxim -routing oddeven -sel nop -dimx 8 -dimy 8  -sim 10000 -warmup 2000 -size 8 8 -buffer 8 -hs 6 0.2 -hs 7 0.2 -hs 14 0.2 -hs 15 0.2 

function [max_pir, max_throughput, min_delay] = routing_oddeven__sel_nop__topology_8x8__(symbol)

data = [
%             pir      avg_delay     throughput      max_delay       rpackets         rflits
           0.0018        21.9639       0.014502            127            914           7309
           0.0018        22.3378      0.0163729            128            968           7728
           0.0018        23.7376      0.0150734            131            949           7597
           0.0018        21.3061      0.0151794            100            941           7529
           0.0018         21.402      0.0152104            101            913           7301
           0.0018        21.6821      0.0157267            119            928           7423
           0.0018        21.1388      0.0137363            103            879           7033
           0.0018         21.068      0.0149306             91            941           7525
           0.0018        22.0142      0.0155191            109            917           7325
           0.0018        23.2281      0.0146964            158            925           7407
           0.0018        23.3134      0.0152958            131            919           7342
           0.0018        20.7143      0.0146548             89            924           7386
           0.0018        21.1878      0.0153458             95            921           7366
           0.0018        20.7213      0.0147924            103            872           6982
           0.0018         22.997      0.0163053            113            996           7957
           0.0018        21.3101      0.0143279            105            874           6992
           0.0018        20.6087      0.0149107             90            938           7515
           0.0018        21.2399      0.0159617            129            988           7917
           0.0018        22.4929      0.0150984            117            921           7368
           0.0018        20.7396      0.0151552            147            941           7517
           0.0019        22.2018      0.0167771            114           1006           8053
           0.0019        22.8924      0.0154577            126            957           7667
           0.0019        21.8735      0.0164652             96           1004           8035
           0.0019        21.1261      0.0153811            120            936           7506
           0.0019        24.0646      0.0157479            180            945           7559
           0.0019         23.168      0.0168644            114            994           7960
           0.0019        22.5821      0.0152798            105            962           7701
           0.0019        21.3914      0.0158085            133            981           7841
           0.0019        23.7832      0.0158972            137            987           7885
           0.0019        22.0364      0.0162131            110            989           7912
           0.0019        22.1591      0.0157157            142            974           7795
           0.0019        23.4728      0.0160101            107            992           7941
           0.0019        23.8032      0.0153327            157            950           7605
           0.0019        22.1297      0.0153056            107            964           7714
           0.0019        21.8702      0.0152579            103            963           7690
           0.0019        22.2667      0.0162564            116            960           7673
           0.0019        22.6761      0.0157599            139            991           7943
           0.0019        23.2578      0.0152798            135            962           7701
           0.0019        22.7369      0.0160343            103            996           7953
           0.0019        22.2556      0.0151956            128            943           7537
            0.002        23.1084      0.0161111            167           1015           8120
            0.002        23.2306      0.0165176            125           1058           8457
            0.002        21.8263      0.0155723            125            996           7973
            0.002        25.3091      0.0167937            199           1058           8464
            0.002        22.0267      0.0163327            132           1011           8101
            0.002        22.6657       0.016377            111            999           7992
            0.002        24.1216      0.0172766            142           1053           8431
            0.002         24.954      0.0169226            135           1066           8529
            0.002        23.6041      0.0161012            129           1013           8115
            0.002        25.4347      0.0154345            221            973           7779
            0.002        23.0285      0.0167361            107           1053           8435
            0.002        24.3175      0.0161563            175           1033           8272
            0.002        20.5603      0.0160369             84            978           7826
            0.002        24.4846      0.0155079            158            976           7816
            0.002        24.2281      0.0165781            107           1061           8488
            0.002        22.8808      0.0165079            108           1040           8320
            0.002        23.7644      0.0173871            162           1078           8624
            0.002        22.2453      0.0160437            116           1011           8086
            0.002        24.0523      0.0161406            124           1033           8264
            0.002        22.3215      0.0164354            103            986           7889
           0.0021        25.0078      0.0171333            155           1029           8224
           0.0021        24.4791      0.0167242            107           1054           8429
           0.0021        26.5146      0.0180184            205           1098           8793
           0.0021        23.5926      0.0165254            139           1058           8461
           0.0021        22.9991      0.0171012            129           1078           8619
           0.0021        25.9963      0.0175827            160           1090           8721
           0.0021        25.3506      0.0177421            110           1118           8942
           0.0021        24.4347      0.0170159            148           1072           8576
           0.0021        23.0551      0.0175794            146           1107           8860
           0.0021        23.0744      0.0175444            117           1088           8702
           0.0021        27.5585      0.0180516            144           1137           9098
           0.0021        29.0505      0.0179306            350           1129           9037
           0.0021         23.541      0.0173516            183           1111           8884
           0.0021        23.5604      0.0173548            113           1076           8608
           0.0021        24.1492      0.0175357            125           1106           8838
           0.0021        25.1796       0.017744            179           1119           8943
           0.0021        23.6501      0.0175262            153           1086           8693
           0.0021        22.3145      0.0165456            106           1043           8339
           0.0021        23.4398      0.0177313            117           1064           8511
           0.0021        25.0843      0.0175968            169           1091           8728
           0.0022        26.4299      0.0181582            179           1163           9297
