% fname: routing_oddeven__sel_random__topology_8x8__.m
% ./noxim -routing oddeven -sel random -dimx 8 -dimy 8  -sim 10000 -warmup 2000 -size 8 8 -buffer 8 -hs 6 0.2 -hs 7 0.2 -hs 14 0.2 -hs 15 0.2 

function [max_pir, max_throughput, min_delay] = routing_oddeven__sel_random__topology_8x8__(symbol)

data = [
%             pir      avg_delay     throughput      max_delay       rpackets         rflits
           0.0018        19.9613      0.0143492             83            904           7232
           0.0018        22.8935      0.0147857            177            930           7452
           0.0018        20.1867      0.0144754             79            884           7064
           0.0018        21.3518      0.0151109             84            938           7495
           0.0018        21.5636      0.0153158            120            873           6984
           0.0018        20.7562      0.0149012            109            923           7391
           0.0018        22.8448      0.0155184            123            947           7573
           0.0018        22.7128      0.0163708            160            982           7858
           0.0018        23.2239       0.015131            159            938           7505
           0.0018         22.513      0.0154083            127            924           7396
           0.0018        20.8678      0.0149008             89            938           7510
           0.0018         21.894      0.0152521            100            915           7321
           0.0018        20.0152      0.0140717             85            858           6867
           0.0018        22.8292      0.0156568            149            925           7390
           0.0018        20.0457       0.014373            100            876           7014
           0.0018        21.2569      0.0151167             93            907           7256
           0.0018        22.3177      0.0145734            126            919           7345
           0.0018        21.8628       0.015675            137            940           7524
           0.0018        21.2907      0.0146389             97            922           7378
           0.0018        23.5991      0.0146667            123            923           7392
           0.0019        22.1821      0.0156956             95            972           7785
           0.0019        22.6577      0.0163996            147            999           8003
           0.0019        22.7382      0.0161111             99           1016           8120
           0.0019        23.1723      0.0160258            113           1010           8077
           0.0019        23.3832      0.0165553            112           1010           8079
           0.0019        22.2233      0.0155302            156            963           7703
           0.0019        21.5957      0.0149294             98            925           7405
           0.0019        21.9968      0.0157625            155            945           7566
           0.0019        23.6125       0.015291            168            978           7829
           0.0019        23.4035      0.0150547            115            964           7708
           0.0019           23.2      0.0163375            157            980           7842
           0.0019        22.6695      0.0153176            145            935           7475
           0.0019         22.813      0.0149246            104            941           7522
           0.0019        22.7316      0.0166411             84           1032           8254
           0.0019        23.3609      0.0163468            106           1014           8108
           0.0019        24.7559       0.016371            155           1016           8120
           0.0019        21.6331      0.0156131             93            984           7869
           0.0019        23.7042      0.0162917            109            977           7820
           0.0019        23.5707      0.0156032            122            983           7864
           0.0019        22.9319      0.0161396            105            969           7747
            0.002        23.3858      0.0170141            114           1055           8439
            0.002        20.9652       0.015756             92            977           7815
            0.002        21.9296      0.0153611             92            966           7742
            0.002        21.2292      0.0168562            116           1012           8091
            0.002         22.751      0.0160806            119            996           7976
            0.002        23.2801      0.0159476            116            989           7910
            0.002        24.4774      0.0161409            131           1016           8135
            0.002        24.9873      0.0173199            139           1023           8175
            0.002        24.5166      0.0164551            160           1053           8425
            0.002        24.0483      0.0173115            115           1055           8448
            0.002        24.5662      0.0163306            119           1012           8100
            0.002        22.5131      0.0163115            136           1029           8221
            0.002        23.3858      0.0168627            171           1029           8229
            0.002        24.3451      0.0159375            128            988           7905
            0.002        24.5648      0.0167172            140           1018           8158
            0.002        24.0451      0.0169306            125           1065           8533
            0.002         22.232      0.0171949             95           1013           8116
            0.002        22.7726      0.0176708            125           1060           8482
            0.002        22.5884      0.0161472            105           1001           8009
            0.002        23.0564      0.0154802            139            975           7802
           0.0021         25.358      0.0175254            162           1123           8973
           0.0021        23.5216      0.0166113            102           1064           8505
           0.0021        25.6885      0.0175121            132           1085           8686
           0.0021        26.6605      0.0185205            155           1131           9038
           0.0021        27.2381      0.0181354            172           1088           8705
           0.0021        23.7835      0.0161055            162           1030           8246
           0.0021        25.4311      0.0172561            154           1053           8421
           0.0021        26.2897      0.0180697            145           1101           8818
           0.0021        24.9256      0.0177564            114           1048           8381
           0.0021        29.0895      0.0181915            238           1128           9023
           0.0021        23.8174      0.0187394            101           1106           8845
           0.0021         24.758      0.0179187            178           1128           9031
           0.0021        23.0282      0.0168484            123           1027           8222
           0.0021        24.2455      0.0170161            160           1055           8440
           0.0021        27.9505      0.0188791            136           1152           9213
           0.0021        24.2382      0.0177623            119           1083           8668
           0.0021        23.3362      0.0171895            117           1065           8526
           0.0021        26.8087      0.0181431            314           1124           8999
           0.0021        25.6046      0.0170117            188           1090           8710
           0.0021        22.9067      0.0164125            133            986           7878
           0.0022        24.6573      0.0178831            201           1109           8870
