% fname: routing_oddeven__sel_bufferlevel__topology_8x8__.m
% ./noxim -routing oddeven -sel bufferlevel -dimx 8 -dimy 8  -sim 10000 -warmup 2000 -size 8 8 -buffer 2 -traffic transpose1 

function [max_pir, max_throughput, min_delay] = routing_oddeven__sel_bufferlevel__topology_8x8__(symbol)

data = [
%             pir      avg_delay     throughput      max_delay       rpackets         rflits
            0.008        27.0907      0.0635449            503           4068          32535
            0.008        23.1156      0.0640586            349           4100          32798
            0.008        24.4527      0.0637988            333           4082          32665
            0.008        24.7583      0.0646113            373           4134          33081
            0.008        23.4354      0.0630371            289           4035          32275
            0.008        24.3035      0.0642344            318           4112          32888
            0.008        24.4681      0.0642148            351           4112          32878
            0.008        22.2771      0.0647969            227           4147          33176
            0.008        25.9507      0.0658496            449           4215          33715
            0.008        23.2612      0.0636738            191           4073          32601
            0.008        25.1805      0.0644492            431           4127          32998
            0.008        22.3548      0.0637285            200           4076          32629
            0.008        23.8492      0.0647051            296           4137          33129
            0.008        22.3056      0.0647441            206           4143          33149
            0.008        22.2926      0.0634453            216           4060          32484
            0.008         23.655      0.0657422            263           4209          33660
            0.008        24.0019      0.0645312            291           4130          33040
            0.008        24.0445      0.0634824            267           4064          32503
            0.008        23.0313      0.0643594            260           4118          32952
            0.008        22.7923      0.0633887            200           4058          32455
           0.0088        26.6795      0.0704648            388           4509          36078
           0.0088         25.829      0.0695313            364           4450          35600
           0.0088        29.4378      0.0695391            922           4450          35604
           0.0088        30.0307      0.0707969            858           4530          36248
           0.0088        26.4437      0.0691055            511           4424          35382
           0.0088         27.738      0.0700352            637           4484          35858
           0.0088        26.2344      0.0705078            378           4514          36100
           0.0088        25.3036      0.0717148            531           4591          36718
           0.0088        26.3428      0.0701914            468           4492          35938
           0.0088        25.5981      0.0689668            262           4416          35311
           0.0088        26.6886      0.0702324            521           4492          35959
           0.0088        23.6453      0.0685742            269           4392          35110
           0.0088        27.1534      0.0695547            289           4451          35612
           0.0088        26.0838      0.0702949            401           4498          35991
           0.0088        25.2229      0.0679355            278           4347          34783
           0.0088        25.8549      0.0716465            308           4590          36683
           0.0088        29.7385      0.0719687            340           4601          36848
           0.0088        26.8626      0.0698086            506           4469          35742
           0.0088        26.6483      0.0703828            430           4504          36036
           0.0088         28.799      0.0710918            371           4548          36399
           0.0096        31.4481      0.0770527            490           4934          39451
           0.0096        28.3822      0.0771543            331           4937          39503
           0.0096        30.4735      0.0767695            698           4914          39306
           0.0096        31.6915      0.0776992            456           4973          39782
           0.0096        34.6343      0.0763359            709           4886          39084
           0.0096        31.1508      0.0772324            358           4940          39543
           0.0096        31.1149      0.0779824            589           4988          39927
           0.0096        30.0163      0.0768496            459           4922          39347
           0.0096        33.9304       0.078627           1139           5031          40257
           0.0096        32.2613      0.0778828            718           4986          39876
           0.0096        37.8492      0.0783535           1076           5013          40117
           0.0096        31.7094      0.0776387            439           4969          39751
           0.0096        30.6047      0.0758281            997           4855          38824
           0.0096        34.4542      0.0753105            883           4819          38559
           0.0096        32.6033      0.0779648            984           4989          39918
           0.0096        36.2761       0.075918           1396           4860          38870
           0.0096        36.2487      0.0748555           1197           4789          38326
           0.0096        31.7337      0.0774961            574           4956          39678
           0.0096        32.9432      0.0767129            663           4910          39277
           0.0096        33.5374       0.078041            640           4991          39957
           0.0104         35.481      0.0854336           1178           5468          43742
           0.0104         35.303       0.083043            838           5314          42518
           0.0104         32.599      0.0822461            366           5260          42110
           0.0104        58.9342      0.0849648           2145           5437          43502
           0.0104        36.5848      0.0832109            752           5327          42604
           0.0104         32.439      0.0815781            453           5221          41768
           0.0104        49.2785      0.0842891           1429           5397          43156
           0.0104        47.1721       0.085582           1988           5478          43818
           0.0104         37.863      0.0827969           1380           5299          42392
           0.0104        43.1846      0.0835879           1024           5347          42797
           0.0104        32.9591      0.0832559            576           5328          42627
           0.0104        36.1291      0.0834355            744           5345          42719
           0.0104        41.9393      0.0833555           1113           5335          42678
           0.0104         55.273      0.0838711           2077           5370          42942
           0.0104        37.9413      0.0825352           1014           5279          42258
           0.0104        42.8214      0.0850313            925           5443          43536
           0.0104        38.9778      0.0843848            522           5402          43205
           0.0104        36.7753      0.0832813            535           5331          42640
           0.0104        31.5973      0.0819297            595           5242          41948
           0.0104        43.4048      0.0828359            999           5299          42412
           0.0112        55.4086      0.0886543           1684           5673          45391
