% fname: routing_oddeven__sel_bufferlevel__topology_8x8__.m
% ./noxim -routing oddeven -sel bufferlevel -dimx 8 -dimy 8  -sim 10000 -warmup 2000 -size 8 8 -buffer 8 -hs 6 0.2 -hs 7 0.2 -hs 14 0.2 -hs 15 0.2 

function [max_pir, max_throughput, min_delay] = routing_oddeven__sel_bufferlevel__topology_8x8__(symbol)

data = [
%             pir      avg_delay     throughput      max_delay       rpackets         rflits
           0.0018          22.61      0.0148591            129            936           7489
           0.0018        21.8635      0.0154631            126            945           7546
           0.0018        24.4281      0.0151496            114            925           7393
           0.0018        21.3534      0.0155271             88            931           7453
           0.0018        23.4839      0.0147817            149            932           7450
           0.0018        23.4187      0.0158875            123            953           7626
           0.0018           22.7      0.0155594            109            950           7593
           0.0018        23.1921       0.015043            191            916           7341
           0.0018        22.2559      0.0145123            106            883           7082
           0.0018        22.2285      0.0146048            101            906           7244
           0.0018        23.3245      0.0143909            135            906           7253
           0.0018        23.6488      0.0155717            129            951           7599
           0.0018        22.1002      0.0153083            129            918           7348
           0.0018        28.3366      0.0157076            239            927           7414
           0.0018        23.1118      0.0158238            127            966           7722
           0.0018        22.2505       0.014291            126            914           7317
           0.0018        22.4526      0.0154819             99            959           7679
           0.0018        22.7154      0.0150869            108            889           7121
           0.0018        22.6577      0.0154833            134            929           7432
           0.0018         22.697      0.0151583            124            911           7276
           0.0019        23.3185      0.0169344            140           1033           8264
           0.0019        23.4132      0.0159549            139            973           7786
           0.0019        22.9654      0.0158407            134            984           7857
           0.0019        25.0188       0.015666            147            956           7645
           0.0019        20.9261      0.0148648             99            907           7254
           0.0019        20.6143      0.0155948            133            967           7735
           0.0019        24.5722      0.0161332            117            984           7873
           0.0019        24.3974      0.0166107            141           1014           8106
           0.0019        23.5686       0.015496            124            962           7686
           0.0019        24.1291      0.0159821            156           1007           8055
           0.0019        22.9762      0.0158627            109            968           7741
           0.0019        22.1712      0.0149798             95            929           7430
           0.0019        24.5106      0.0157738            185            993           7950
           0.0019        22.2844      0.0161653            171            953           7630
           0.0019        24.6653      0.0151706            182            956           7646
           0.0019        23.4399      0.0159604            153            957           7661
           0.0019        24.9961      0.0164294            176           1020           8149
           0.0019        23.4455      0.0147754            103            945           7565
           0.0019         25.232      0.0166496            180           1013           8125
           0.0019        21.8201      0.0154194            147            956           7648
            0.002        22.4253      0.0155762            111            997           7975
            0.002        24.4286      0.0173135            172           1057           8449
            0.002        24.1876      0.0163472            123           1029           8239
            0.002        23.8099      0.0174828            132           1015           8112
            0.002        25.3833      0.0172684            166           1054           8427
            0.002        23.2922      0.0167008            172           1020           8150
            0.002        26.6014      0.0163952            159           1016           8132
            0.002        26.1398      0.0167177            195           1037           8292
            0.002        25.4669      0.0177241            212           1028           8224
            0.002          23.94      0.0158652            168           1017           8123
            0.002        23.9551      0.0162698            169           1024           8200
            0.002        24.4653      0.0162848            135            993           7947
            0.002        26.6717      0.0169274            188           1051           8396
            0.002         24.166      0.0168246            103           1042           8345
            0.002        23.8848      0.0160059            126           1024           8195
            0.002        22.3001      0.0160734            122           1013           8101
            0.002        25.9159      0.0165933            245           1046           8363
            0.002        24.8925      0.0173521            182           1042           8329
            0.002        25.1004      0.0165706            196           1026           8219
            0.002        29.4457      0.0173831            320           1077           8622
           0.0021        32.2507      0.0183396            255           1101           8803
           0.0021        22.8809      0.0167917            117           1058           8463
           0.0021        26.9083      0.0173056            142           1091           8722
           0.0021        25.8357      0.0168184            144           1077           8611
           0.0021        25.0703      0.0166563            236           1067           8528
           0.0021        24.4118      0.0178402            145           1088           8706
           0.0021        25.1715      0.0167399            189           1038           8303
           0.0021        24.7844      0.0176028            114           1090           8731
           0.0021        24.9954      0.0173353            110           1091           8737
           0.0021        24.4909      0.0172637             96           1104           8839
           0.0021        25.5998          0.017            186           1087           8704
           0.0021        27.6303      0.0171667            165           1082           8652
           0.0021        24.5896      0.0175758            118           1072           8577
           0.0021        23.4791      0.0168496            147           1079           8627
           0.0021        28.3923      0.0165859            384           1063           8492
           0.0021        25.3124      0.0171465            140           1098           8779
           0.0021          26.69      0.0167857            147           1058           8460
           0.0021        28.7706      0.0171055            172           1094           8758
           0.0021        26.4119      0.0172798            135           1090           8709
           0.0021        26.2689      0.0165873            147           1045           8360
           0.0022        26.4124      0.0174921            176           1101           8816
