% fname: routing_xy__topology_8x8__.m
% ./noxim -routing xy -dimx 8 -dimy 8  -sim 10000 -warmup 2000 -size 8 8 -buffer 2 -hs 6 0.2 -hs 7 0.2 -hs 14 0.2 -hs 15 0.2 

function [max_pir, max_throughput, min_delay] = routing_xy__topology_8x8__(symbol)

data = [
%             pir      avg_delay     throughput      max_delay       rpackets         rflits
           0.0015        20.8396      0.0130932            114            773           6180
           0.0015        20.9623      0.0123625            109            742           5934
           0.0015        20.0285      0.0126455            145            771           6171
           0.0015         20.622      0.0128599             89            746           5967
           0.0015        21.8835      0.0141773            129            781           6238
           0.0015         21.095      0.0139085            113            779           6231
           0.0015        24.4676      0.0130847            206            772           6176
           0.0015        22.1898      0.0130979            170            785           6287
           0.0015        24.8812      0.0129652            192            791           6327
           0.0015        21.3992       0.013096            129            734           5867
           0.0015        22.6692      0.0125337            102            789           6317
           0.0015        20.1883      0.0121066             97            738           5908
           0.0015        21.9714      0.0131701            149            803           6427
           0.0015        21.0408      0.0124611             85            760           6081
           0.0015        23.6316      0.0122742            178            760           6088
           0.0015        22.0764      0.0130958            114            785           6286
           0.0015        22.0024      0.0138458            158            830           6646
           0.0015        21.5835      0.0129583            134            778           6220
           0.0015        21.5447       0.012319            121            716           5716
           0.0015        22.7941      0.0135875            138            816           6522
           0.0017        22.2111       0.014036             95            829           6625
           0.0017        25.8904      0.0146516            194            894           7150
           0.0017        24.6369      0.0140337            134            884           7073
           0.0017         24.895      0.0145833            194            876           7000
           0.0017        21.2111      0.0135717            111            829           6623
           0.0017        25.7638      0.0153686            162            906           7254
           0.0017        26.7302      0.0156377            138            923           7381
           0.0017        22.1619          0.014            109            840           6720
           0.0017        23.7573      0.0140754            148            886           7094
           0.0017        25.0237      0.0136028            150            844           6747
           0.0017          22.61      0.0146292            107            877           7022
           0.0017        22.7714      0.0136127            138            831           6643
           0.0017        25.0624      0.0138937            200            834           6669
           0.0017          22.38      0.0146466            107            850           6796
           0.0017        24.9436      0.0142063            177            851           6819
           0.0017        25.2145         0.0147            162            881           7056
           0.0017        23.5018      0.0138709            172            847           6769
           0.0017        23.5516      0.0142021            189            852           6817
           0.0017        25.9823      0.0143602            237            847           6778
           0.0017        24.7946      0.0142944            156            886           7090
           0.0019        25.5977      0.0158644            142            937           7488
           0.0019        25.7313      0.0164098            144           1001           8008
           0.0019         35.212      0.0175625            308           1019           8149
           0.0019        34.2215      0.0174037            255           1061           8493
           0.0019         25.565      0.0155208            152            931           7450
           0.0019        32.6745      0.0164698            297           1020           8169
           0.0019        26.0797      0.0158024            182            979           7838
           0.0019        26.0846       0.015575            190            934           7476
           0.0019        25.8948      0.0157987            219            932           7457
           0.0019         25.981      0.0154816            296            945           7555
           0.0019        25.2661      0.0158468            176            981           7860
           0.0019        28.1942      0.0159563            222            958           7659
           0.0019        28.0153      0.0160861            221            981           7850
           0.0019        25.4815      0.0159385            178            972           7778
           0.0019         29.503      0.0162319            295           1006           8051
           0.0019        27.0095      0.0152903            135            947           7584
           0.0019        32.2196      0.0167585            245            988           7910
           0.0019        24.4098      0.0162646            162            976           7807
           0.0019        29.6963      0.0159879            278            991           7930
           0.0019        22.6731          0.015            162            930           7440
           0.0021        30.7273      0.0171598            241           1045           8374
           0.0021        29.1041      0.0162109            290           1037           8300
           0.0021         30.934      0.0168066            219           1076           8605
           0.0021        30.9728      0.0165827            337           1028           8225
           0.0021        33.6629      0.0180678            303           1065           8528
           0.0021        29.5806      0.0167381            182           1054           8436
           0.0021        37.5375      0.0173393            512           1092           8739
           0.0021        32.5405      0.0174722            253           1099           8806
           0.0021        28.3659       0.016752            159           1055           8443
           0.0021        30.2949      0.0170533            373           1041           8322
           0.0021        43.8957      0.0176816            541           1131           9053
           0.0021        28.4448      0.0170927            286           1059           8478
           0.0021        28.9045      0.0174052            241           1078           8633
           0.0021        28.1832      0.0167227            257           1070           8562
           0.0021        29.8341       0.017123            226           1061           8493
           0.0021        28.0642      0.0178175            212           1122           8980
           0.0021        42.5693      0.0172817            479           1089           8710
           0.0021        30.8608      0.0165383            258           1027           8203
           0.0021        28.6973      0.0174333            235           1044           8368
           0.0021        30.0804      0.0170801            252           1094           8745
           0.0023        39.5507      0.0185746            708           1153           9213
           0.0023        38.9243      0.0192309            487           1136           9077
