% fname: routing_oddeven__sel_nop__topology_8x8__.m
% ./noxim -routing oddeven -sel nop -dimx 8 -dimy 8  -sim 10000 -warmup 2000 -size 8 8 -buffer 8 

function [max_pir, max_throughput, min_delay] = routing_oddeven__sel_nop__topology_8x8__(symbol)

data = [
%             pir      avg_delay     throughput      max_delay       rpackets         rflits
             0.01        21.5604      0.0802676            125           5139          41097
             0.01         21.632       0.078793            121           5043          40342
             0.01        22.0758      0.0806133            128           5159          41274
             0.01        21.5788      0.0786816            152           5033          40285
             0.01        21.5352      0.0800254            125           5123          40973
             0.01         21.401      0.0796406            102           5100          40776
             0.01        21.1597      0.0789277            108           5052          40411
             0.01        21.5273      0.0807852            116           5172          41362
             0.01        21.4241      0.0790352            142           5056          40466
             0.01        21.6568      0.0803652            109           5143          41147
             0.01        22.2088      0.0808457            114           5178          41393
             0.01        21.6462      0.0805605            138           5158          41247
             0.01        21.4476      0.0808613            101           5174          41401
             0.01         21.722      0.0807441             96           5165          41341
             0.01        21.5149      0.0804824            103           5152          41207
             0.01        21.4276      0.0797812            109           5103          40848
             0.01        22.2464      0.0808398            113           5175          41390
             0.01        21.4052      0.0800703            110           5123          40996
             0.01        21.4197      0.0785898            117           5034          40238
             0.01         21.148      0.0798555             94           5109          40886
            0.011        22.9078      0.0878125            111           5620          44960
            0.011        23.0516      0.0895898            113           5732          45870
            0.011        23.7227      0.0887676            119           5684          45449
            0.011        23.0728      0.0888086            238           5684          45470
            0.011        22.9519      0.0879277            127           5630          45019
            0.011        22.7878       0.088418            111           5656          45270
            0.011        23.1387      0.0872969            142           5587          44696
            0.011        22.4924      0.0878652            110           5623          44987
            0.011        23.2759      0.0887813            127           5683          45456
            0.011         23.301      0.0888965            108           5688          45515
            0.011        22.9755       0.086791            159           5556          44437
            0.011        22.9383      0.0874082            107           5593          44753
            0.011        23.3515      0.0895664            122           5732          45858
            0.011        23.6794      0.0910332            126           5826          46609
            0.011         23.178      0.0853281            123           5461          43688
            0.011        23.3243      0.0876641            169           5609          44884
            0.011        22.8155      0.0876309            117           5611          44867
            0.011        23.1877      0.0875898            121           5604          44846
            0.011        24.0981      0.0898652            150           5752          46011
            0.011        23.7551      0.0898184            151           5745          45987
            0.012        24.8252      0.0959785            126           6143          49141
            0.012        24.3803      0.0945898            133           6053          48430
            0.012        25.0515      0.0978359            121           6257          50092
            0.012        25.1069       0.097707            151           6250          50026
            0.012        25.0985      0.0956699            144           6124          48983
            0.012        24.9492      0.0952871            119           6101          48787
            0.012        24.9257      0.0964902            122           6174          49403
            0.012        24.8448      0.0958906            144           6139          49096
            0.012        25.2718      0.0965879            136           6182          49453
            0.012        24.7206      0.0969629            131           6202          49645
            0.012        25.0373       0.094748            140           6066          48511
            0.012        25.4812      0.0971641            163           6220          49748
            0.012        25.3577      0.0951641            174           6091          48724
            0.012        25.8548      0.0962148            139           6159          49262
            0.012         24.477      0.0938379            170           6008          48045
            0.012        24.7683      0.0943379            129           6037          48301
            0.012        24.8809      0.0955898            121           6119          48942
            0.012        25.1256      0.0962871            122           6162          49299
            0.012        24.8972      0.0961152            115           6147          49211
            0.012        25.1415      0.0965176            168           6178          49417
            0.013        27.4078       0.102576            159           6564          52519
            0.013         26.693       0.104006            139           6657          53251
            0.013         26.408        0.10468            141           6696          53596
            0.013         26.984       0.103629            132           6632          53058
            0.013        28.0096       0.106006            166           6787          54275
            0.013        27.3242       0.104828            180           6706          53672
            0.013        27.9887       0.104078            140           6660          53288
            0.013        27.8717       0.104482            157           6688          53495
            0.013        27.2087       0.103998            126           6657          53247
            0.013        27.6919       0.104754            162           6703          53634
            0.013        27.2894       0.104047            171           6656          53272
            0.013        26.7904       0.103256            138           6608          52867
            0.013        27.3748         0.1039            154           6651          53197
            0.013        27.2198       0.103836            171           6646          53164
            0.013        27.2086       0.102842            207           6583          52655
            0.013        26.0909       0.101297            130           6482          51864
            0.013        27.1363       0.103746            137           6641          53118
            0.013        26.3223       0.102063            143           6532          52256
            0.013        27.8418       0.104947            214           6712          53733
            0.013         26.619       0.104459            129           6687          53483
            0.014        29.4978       0.112008            183           7174          57348
            0.014        30.5112       0.114025            200           7297          58381
