% fname: routing_xy__topology_8x8__.m
% ./noxim -routing xy -dimx 8 -dimy 8  -sim 10000 -warmup 2000 -size 8 8 -buffer 2 

function [max_pir, max_throughput, min_delay] = routing_xy__topology_8x8__(symbol)

data = [
%             pir      avg_delay     throughput      max_delay       rpackets         rflits
            0.007        19.0642      0.0565176            123           3616          28937
            0.007         19.226      0.0568437            124           3641          29104
            0.007         19.063      0.0543164            102           3476          27810
            0.007         19.209      0.0557285            106           3565          28533
            0.007        19.6705      0.0563633            120           3606          28858
            0.007        18.7833      0.0565898            106           3622          28974
            0.007        18.7028      0.0552578             89           3536          28292
            0.007        18.7434      0.0543262             93           3476          27815
            0.007        19.7795       0.056666            108           3628          29013
            0.007        18.9605      0.0562578            115           3599          28804
            0.007         19.037      0.0545645            157           3489          27937
            0.007        19.4041      0.0562656            113           3601          28808
            0.007        19.2186      0.0573047            110           3669          29340
            0.007        19.5446      0.0551426            153           3529          28233
            0.007        19.0182      0.0548086            106           3510          28062
            0.007        19.6233      0.0559199            108           3576          28631
            0.007        18.9091      0.0549219             83           3511          28120
            0.007        18.6826       0.056123             96           3592          28735
            0.007         18.885      0.0553301            120           3539          28329
            0.007        19.1664      0.0561523            123           3593          28750
            0.008        20.7893      0.0645645            124           4129          33057
            0.008        20.3003      0.0632695            115           4053          32394
            0.008        20.6728      0.0627988            128           4019          32153
            0.008        21.0419      0.0648965            126           4152          33227
            0.008        21.2854      0.0632168            121           4043          32367
            0.008        20.7585      0.0635684            147           4067          32547
            0.008        20.5606       0.062209            129           3980          31851
            0.008        21.0007      0.0654473            125           4185          33509
            0.008        21.8526      0.0636152            154           4071          32571
            0.008        20.6834      0.0637617            125           4081          32646
            0.008         22.138      0.0661602            165           4233          33874
            0.008        21.4081      0.0656523            189           4202          33614
            0.008        21.6216      0.0653223            151           4183          33445
            0.008        20.7677       0.062957            118           4029          32234
            0.008        21.0779      0.0648145            134           4147          33185
            0.008        21.5365      0.0649375            141           4155          33248
            0.008        21.0123      0.0636562            152           4077          32592
            0.008        21.0688         0.0625            135           3998          32000
            0.008        20.7081       0.064291            127           4115          32917
            0.008        20.8733       0.064502            143           4129          33025
            0.009        24.0466      0.0731875            154           4680          37472
            0.009        22.3151      0.0712383            148           4563          36474
            0.009        23.6047      0.0719141            237           4604          36820
            0.009        23.7574      0.0722852            203           4629          37010
            0.009         23.011      0.0698027            136           4466          35739
            0.009        22.9241      0.0710352            159           4548          36370
            0.009        23.6128      0.0714805            189           4577          36598
            0.009        23.6262      0.0722656            164           4626          37000
            0.009        22.2942      0.0719785            147           4609          36853
            0.009        23.4264      0.0719297            180           4608          36828
            0.009        22.9095      0.0733105            159           4695          37535
            0.009        23.2035      0.0714043            280           4571          36559
            0.009        23.6943       0.072623            177           4648          37183
            0.009        23.4575      0.0723008            153           4627          37018
            0.009        22.7388      0.0714609            145           4571          36588
            0.009        22.3293      0.0701719            137           4491          35928
            0.009        23.7721      0.0728477            203           4660          37298
            0.009        23.0212      0.0720547            143           4613          36892
            0.009        22.8038      0.0723105            131           4628          37023
            0.009        23.2039      0.0717227            214           4591          36722
             0.01        25.3943      0.0810195            205           5186          41482
             0.01         25.911      0.0811367            170           5192          41542
             0.01        25.4528      0.0776719            167           4971          39768
             0.01        26.3619       0.081623            240           5225          41791
             0.01        28.0165      0.0821836            274           5258          42078
             0.01        25.2249      0.0796465            147           5099          40779
             0.01        25.4718       0.080457            199           5148          41194
             0.01        24.0637      0.0782305            165           5010          40054
             0.01        24.9428      0.0784668            192           5021          40175
             0.01        25.7471      0.0802051            289           5133          41065
             0.01        26.8759      0.0810723            256           5190          41509
             0.01        25.0103      0.0815508            165           5218          41754
             0.01        25.0206      0.0787539            200           5041          40322
             0.01        25.8456      0.0797441            205           5104          40829
             0.01         25.927      0.0807578            213           5166          41348
             0.01        26.1824      0.0800684            201           5127          40995
             0.01        25.7472      0.0813262            253           5206          41639
             0.01        25.4401      0.0800566            234           5126          40989
             0.01        26.7966      0.0807148            245           5168          41326
             0.01        25.3458      0.0804082            217           5148          41169
            0.011        31.0276      0.0883652            408           5654          45243
            0.011        29.1093      0.0878828            281           5627          44996
