% fname: routing_oddeven__sel_nop__topology_8x8__.m
% ./noxim -routing oddeven -sel nop -dimx 8 -dimy 8  -sim 10000 -warmup 2000 -size 8 8 -buffer 2 

function [max_pir, max_throughput, min_delay] = routing_oddeven__sel_nop__topology_8x8__(symbol)

data = [
%             pir      avg_delay     throughput      max_delay       rpackets         rflits
            0.007        18.6003      0.0577266             95           3695          29556
            0.007        18.0598      0.0561562             76           3596          28752
            0.007        18.0592      0.0562598             93           3601          28805
            0.007        18.5593      0.0572891             72           3667          29332
            0.007         18.731      0.0558633            140           3573          28602
            0.007        18.0181      0.0545039             98           3487          27906
            0.007        18.0566      0.0552422             94           3535          28284
            0.007        18.0487      0.0561758             88           3596          28762
            0.007        18.8011      0.0559023             86           3579          28622
            0.007        18.0195      0.0553027             90           3540          28315
            0.007        18.7222      0.0571016            101           3654          29236
            0.007        18.3891      0.0573027             99           3667          29339
            0.007        18.1907      0.0570391            104           3649          29204
            0.007        18.4095      0.0566289            125           3626          28994
            0.007        17.9388      0.0553984             80           3545          28364
            0.007        18.3235       0.055752             74           3570          28545
            0.007        18.3693       0.054877             93           3512          28097
            0.007        18.1733      0.0546816             80           3502          27997
            0.007        18.4786      0.0566328             98           3625          28996
            0.007        18.4927       0.055916             82           3582          28629
            0.008        19.4414      0.0637617             88           4080          32646
            0.008        19.3368      0.0631016            109           4038          32308
            0.008        19.5608      0.0643438            107           4119          32944
            0.008        19.5317        0.06475             80           4143          33152
            0.008          19.58       0.063709            108           4079          32619
            0.008        19.4951      0.0643535             94           4116          32949
            0.008        20.6857      0.0650098            158           4159          33285
            0.008        19.3496      0.0639727            110           4093          32754
            0.008        19.7772      0.0636484             99           4075          32588
            0.008        19.2788      0.0631289             91           4043          32322
            0.008        19.5985       0.064002            126           4095          32769
            0.008         20.067      0.0652598            109           4178          33413
            0.008         19.147      0.0636582             88           4074          32593
            0.008        19.7382      0.0647266             95           4145          33140
            0.008         19.745      0.0641758            146           4110          32858
            0.008         19.955      0.0639707            113           4092          32753
            0.008        20.3233      0.0645918            137           4138          33071
            0.008        19.5745      0.0641465            115           4106          32843
            0.008        19.7612      0.0629492            137           4029          32230
            0.008         19.864      0.0655801            113           4198          33577
            0.009        21.0246      0.0718242            117           4596          36774
            0.009        21.0814       0.070709            138           4521          36203
            0.009        20.8776      0.0723789            116           4632          37058
            0.009        20.7903      0.0708926            118           4540          36297
            0.009        21.3792      0.0721426            106           4618          36937
            0.009        20.6649      0.0704961            146           4512          36094
            0.009        21.3246      0.0715957            154           4581          36657
            0.009        21.2113      0.0730078            112           4671          37380
            0.009        21.0442      0.0718223            128           4596          36773
            0.009        21.9897      0.0726133            108           4647          37178
            0.009        20.8373      0.0714277            135           4572          36571
            0.009        21.3135      0.0724121            121           4632          37075
            0.009        21.6107      0.0719063            120           4601          36816
            0.009        21.1043         0.0715            122           4575          36608
            0.009        21.3049      0.0715234            160           4575          36620
            0.009        21.9169       0.072416            137           4635          37077
            0.009        21.7145      0.0731172            127           4680          37436
            0.009        21.9808      0.0741895            133           4750          37985
            0.009        22.0322      0.0748555            153           4787          38326
            0.009        21.1292      0.0726563            150           4652          37200
             0.01        23.5124      0.0804199            210           5148          41175
             0.01        24.6947         0.0795            227           5090          40704
             0.01        23.6908      0.0803984            170           5146          41164
             0.01        23.9326      0.0807031            150           5165          41320
             0.01        24.1772      0.0796016            237           5096          40756
             0.01        24.3066      0.0828437            142           5300          42416
             0.01        23.2494      0.0781289            176           4999          40002
             0.01        25.6469      0.0834473            158           5342          42725
             0.01        24.0836      0.0822813            189           5265          42128
             0.01        23.2027      0.0805625            143           5155          41248
             0.01        24.6198      0.0812129            184           5197          41581
             0.01        22.7727      0.0780996            118           4997          39987
             0.01          24.09      0.0814473            169           5214          41701
             0.01        22.9671      0.0793984            152           5081          40652
             0.01        23.9959      0.0803203            148           5142          41124
             0.01        23.1509      0.0801406            153           5130          41032
             0.01        23.8912      0.0800762            134           5120          40999
             0.01        23.2383      0.0787324            131           5039          40311
             0.01        24.2549      0.0796387            149           5097          40775
             0.01        22.9638      0.0789414            130           5053          40418
            0.011        27.3585      0.0880039            195           5634          45058
            0.011        27.1518      0.0878867            242           5626          44998
