% fname: routing_xy__topology_8x8__.m
% ./noxim -routing xy -dimx 8 -dimy 8  -sim 10000 -warmup 2000 -size 8 8 -buffer 8 

function [max_pir, max_throughput, min_delay] = routing_xy__topology_8x8__(symbol)

data = [
%             pir      avg_delay     throughput      max_delay       rpackets         rflits
             0.01        23.4943      0.0809043            156           5173          41423
             0.01        23.0426      0.0786035            129           5028          40245
             0.01        23.9873      0.0797949            157           5105          40855
             0.01        23.0435       0.080168            146           5131          41046
             0.01        23.6385      0.0813242            158           5203          41638
             0.01        23.4636      0.0813809            152           5213          41667
             0.01        23.4254      0.0808926            145           5179          41417
             0.01        22.7758      0.0791191            117           5068          40509
             0.01           23.4      0.0804297            191           5147          41180
             0.01        22.7836      0.0802305            131           5133          41078
             0.01        23.2334      0.0800098            130           5119          40965
             0.01        23.6294      0.0816719            150           5227          41816
             0.01        22.1969      0.0791309            129           5063          40515
             0.01        23.8348      0.0810488            138           5187          41497
             0.01        23.1343      0.0794512            209           5087          40679
             0.01        23.4849      0.0813965            142           5207          41675
             0.01        22.2943      0.0786113            108           5032          40249
             0.01        23.9857      0.0817754            136           5235          41869
             0.01        23.0271      0.0813359            133           5208          41644
             0.01        23.7096      0.0812617            160           5199          41606
            0.011        25.6591       0.088873            164           5690          45503
            0.011        25.6094      0.0901426            178           5768          46153
            0.011        24.7761      0.0865605            153           5537          44319
            0.011        25.3401      0.0881875            149           5645          45152
            0.011        24.9383      0.0891719            139           5708          45656
            0.011        24.4125       0.087166            157           5580          44629
            0.011          24.53       0.088127            129           5638          45121
            0.011        25.6221      0.0895195            139           5729          45834
            0.011        25.1626      0.0884063            202           5658          45264
            0.011         25.254       0.087877            150           5622          44993
            0.011        25.5166      0.0882422            133           5650          45180
            0.011        24.9628      0.0865078            167           5536          44292
            0.011        24.9427      0.0874121            163           5598          44755
            0.011         25.578      0.0891055            170           5702          45622
            0.011        24.8441      0.0883672            161           5657          45244
            0.011        26.0472      0.0878125            156           5619          44960
            0.011        25.4017      0.0887891            146           5688          45460
            0.011        25.2602      0.0877852            169           5619          44946
            0.011        25.0319      0.0858027            148           5490          43931
            0.011        25.6964       0.088877            155           5686          45505
            0.012        26.9479       0.093998            191           6013          48127
            0.012         28.278      0.0975254            230           6241          49933
            0.012         27.694      0.0959805            162           6141          49142
            0.012        28.2045      0.0974883            224           6244          49914
            0.012        27.5627      0.0957051            188           6126          49001
            0.012        27.5595      0.0957441            206           6127          49021
            0.012        26.8219      0.0932676            182           5968          47753
            0.012         27.435      0.0945605            181           6053          48415
            0.012        27.0138      0.0961406            180           6155          49224
            0.012        26.7062      0.0954492            157           6110          48870
            0.012        27.8212      0.0965801            215           6180          49449
            0.012        27.3264      0.0963203            157           6161          49316
            0.012        27.9489      0.0960508            262           6146          49178
            0.012        27.7697      0.0977441            219           6257          50045
            0.012        26.6538       0.093666            202           5994          47957
            0.012        28.2369         0.0975            171           6242          49920
            0.012        26.9676      0.0948789            159           6071          48578
            0.012        26.9134      0.0942109            159           6030          48236
            0.012        26.9812      0.0954785            184           6107          48885
            0.012        26.6954      0.0976152            179           6248          49979
            0.013        31.7586       0.104104            263           6662          53301
            0.013        30.5538       0.104158            355           6669          53329
            0.013         30.151        0.10433            175           6680          53417
            0.013        29.1337       0.102439            267           6558          52449
            0.013        30.7211       0.101227            194           6480          51828
            0.013        30.4994       0.104617            186           6698          53564
            0.013        30.6399       0.105479            212           6751          54005
            0.013        30.2403       0.102678            174           6571          52571
            0.013        28.7311       0.101781            167           6512          52112
            0.013        29.8562       0.104959            218           6720          53739
            0.013        29.7247       0.103268            174           6610          52873
            0.013        30.6587       0.105078            345           6727          53800
            0.013        29.8316       0.104967            223           6716          53743
            0.013        30.1544        0.10465            242           6697          53581
            0.013        31.8112       0.106457            238           6810          54506
            0.013        29.3427       0.102986            181           6588          52729
            0.013         31.417       0.103766            324           6640          53128
            0.013        30.8058       0.103746            268           6641          53118
            0.013        31.3417          0.106            284           6781          54272
            0.013        31.4952       0.102586            321           6567          52524
            0.014        33.9613       0.110559            235           7076          56606
            0.014        34.8064       0.112762            209           7216          57734
