% fname: routing_oddeven__sel_bufferlevel__topology_8x8__.m
% ./noxim -routing oddeven -sel bufferlevel -dimx 8 -dimy 8  -sim 10000 -warmup 2000 -size 8 8 -buffer 8 

function [max_pir, max_throughput, min_delay] = routing_oddeven__sel_bufferlevel__topology_8x8__(symbol)

data = [
%             pir      avg_delay     throughput      max_delay       rpackets         rflits
             0.01        23.1849      0.0797695            177           5106          40842
             0.01        21.9915      0.0811426            127           5193          41545
             0.01        22.0469      0.0785625            108           5031          40224
             0.01         22.004      0.0782363            183           5009          40057
             0.01        22.3683      0.0802324            128           5134          41079
             0.01        21.9417       0.078498            131           5025          40191
             0.01        22.9905      0.0822969            121           5267          42136
             0.01        21.5702      0.0790117            148           5056          40454
             0.01        21.8993      0.0790391            165           5056          40468
             0.01        22.0293      0.0799082            138           5111          40913
             0.01        21.9051      0.0785488            121           5026          40217
             0.01        22.4871      0.0812383            135           5202          41594
             0.01        22.2108      0.0788711            165           5048          40382
             0.01        22.2417      0.0785234            125           5023          40204
             0.01        22.1379      0.0785117            150           5025          40198
             0.01        22.1901      0.0795703            150           5093          40740
             0.01        22.1828      0.0796484            136           5098          40780
             0.01        22.5126      0.0785215            149           5023          40203
             0.01         21.742       0.078877            160           5042          40385
             0.01        21.9968       0.079084            126           5063          40491
            0.011        24.2953      0.0875234            254           5604          44812
            0.011        24.4337      0.0894453            219           5725          45796
            0.011        25.1345      0.0894336            178           5725          45790
            0.011        23.9103      0.0874883            160           5597          44794
            0.011         26.208      0.0917168            239           5870          46959
            0.011        23.9559      0.0871406            200           5579          44616
            0.011        23.4906      0.0866211            175           5540          44350
            0.011        23.9445      0.0873594            147           5590          44728
            0.011        24.2174      0.0894648            140           5726          45806
            0.011         23.949      0.0863613            155           5528          44217
            0.011        23.4028      0.0864551            207           5536          44265
            0.011        24.6175      0.0884102            167           5655          45266
            0.011        23.8872      0.0869551            138           5567          44521
            0.011         24.285       0.088168            152           5643          45142
            0.011        22.6997      0.0859199            147           5497          43991
            0.011         24.959      0.0899082            291           5752          46033
            0.011        23.5816      0.0879141            123           5629          45012
            0.011        23.3154      0.0881699            124           5643          45143
            0.011         23.882      0.0878301            189           5625          44969
            0.011        23.5924      0.0864551            208           5533          44265
            0.012        26.1897      0.0968848            179           6200          49605
            0.012        28.0294      0.0967363            232           6194          49529
            0.012        27.6772      0.0978379            205           6261          50093
            0.012        26.5688      0.0956992            170           6125          48998
            0.012        25.3926      0.0959863            156           6144          49145
            0.012        26.5267      0.0962012            219           6155          49255
            0.012         25.912      0.0947969            230           6066          48536
            0.012        27.3492      0.0963379            190           6169          49325
            0.012        25.8887      0.0948047            260           6067          48540
            0.012        26.1615      0.0971426            186           6215          49737
            0.012        27.7748      0.0953887            265           6102          48839
            0.012        27.6031      0.0953828            323           6107          48836
            0.012        25.6554      0.0958047            190           6131          49052
            0.012        26.6001      0.0973496            237           6227          49843
            0.012        25.6871      0.0960527            188           6148          49179
            0.012        26.1233      0.0975801            152           6245          49961
            0.012        26.0508      0.0940781            146           6020          48168
            0.012        26.0664      0.0960781            216           6147          49192
            0.012        26.3786      0.0974844            239           6238          49912
            0.012        26.4165      0.0949961            178           6079          48638
            0.013        29.2111        0.10409            269           6660          53294
            0.013        29.3567       0.103428            261           6619          52955
            0.013        29.0716       0.105406            259           6748          53968
            0.013        27.7335       0.104344            203           6675          53424
            0.013        30.8932       0.107123            175           6854          54847
            0.013        28.8198       0.105904            196           6772          54223
            0.013        28.1257        0.10292            298           6586          52695
            0.013        32.3757       0.105047            321           6720          53784
            0.013        28.8824        0.10484            181           6712          53678
            0.013        28.7916       0.105309            186           6738          53918
            0.013         31.121       0.106307            267           6803          54429
            0.013        30.0951        0.10565            337           6760          54093
            0.013        29.3591       0.105266            242           6734          53896
            0.013        28.3783        0.10209            242           6532          52270
            0.013        30.5264       0.105541            290           6753          54037
            0.013        29.5488       0.103045            197           6593          52759
            0.013        31.8633       0.103596            335           6626          53041
            0.013        28.6982       0.104443            242           6686          53475
            0.013        30.7993       0.105346            282           6741          53937
            0.013        29.4045       0.104369            195           6677          53437
            0.014        33.4874        0.11242            265           7198          57559
