% fname: routing_oddeven__sel_bufferlevel__topology_8x8__.m
% ./noxim -routing oddeven -sel bufferlevel -dimx 8 -dimy 8  -sim 10000 -warmup 2000 -size 8 8 -buffer 2 -hs 6 0.2 -hs 7 0.2 -hs 14 0.2 -hs 15 0.2 

function [max_pir, max_throughput, min_delay] = routing_oddeven__sel_bufferlevel__topology_8x8__(symbol)

data = [
%             pir      avg_delay     throughput      max_delay       rpackets         rflits
           0.0015        20.9465      0.0127939            159            729           5834
           0.0015        21.1289      0.0137165            110            768           6145
           0.0015        20.7363      0.0121979             89            732           5855
           0.0015        21.6136      0.0122267            149            722           5771
           0.0015        20.2972      0.0120605            101            747           5982
           0.0015         19.589      0.0127127             89            725           5797
           0.0015        19.7587      0.0124138             76            721           5760
           0.0015        21.1416       0.013614            181            777           6208
           0.0015         20.232      0.0122648            107            724           5789
           0.0015        21.3166      0.0127903            140            755           6037
           0.0015        21.2857      0.0136469            127            777           6223
           0.0015        21.4875      0.0138017            142            800           6404
           0.0015        19.9693       0.012903             94            750           5987
           0.0015        19.9339       0.013072             91            772           6170
           0.0015         21.581      0.0135869             93            802           6413
           0.0015        20.2134      0.0132125             89            792           6342
           0.0015        20.3773      0.0125533            123            766           6126
           0.0015        19.0747      0.0126798             79            723           5782
           0.0015        22.2918      0.0142708            104            771           6165
           0.0015        21.2835      0.0133707            180            776           6204
           0.0017        21.5686      0.0138948            104            874           7003
           0.0017        22.1648       0.014625            122            892           7137
           0.0017        20.5907      0.0140458             95            843           6742
           0.0017        21.3329      0.0137722            142            853           6831
           0.0017        22.0182      0.0141835            133            879           7035
           0.0017         22.662      0.0138772            163            793           6328
           0.0017        20.8219      0.0138438            113            831           6645
           0.0017        22.8643      0.0149898            113            914           7315
           0.0017        21.9099      0.0141593            120            877           7023
           0.0017        20.0244      0.0140676             75            859           6865
           0.0017        23.4814      0.0152292            164            914           7310
           0.0017        22.3628      0.0144052            110            893           7145
           0.0017        22.2615      0.0138525            118            845           6760
           0.0017        21.1251       0.013748            121            839           6709
           0.0017          22.25      0.0143792            130            848           6787
           0.0017        22.7832      0.0153178            124            904           7230
           0.0017         21.872      0.0146928            138            867           6935
           0.0017        22.2581      0.0140593            148            829           6636
           0.0017        23.8919      0.0143042            259            860           6866
           0.0017         23.424       0.014752            135            915           7317
           0.0019        24.2781      0.0160504            198            996           7961
           0.0019        23.3953      0.0149563            139            898           7179
           0.0019        22.4925      0.0162258            140           1005           8048
           0.0019        29.0791       0.016791            234           1024           8194
           0.0019        24.8527      0.0157992            183            964           7710
           0.0019        25.1735      0.0152111            131            928           7423
           0.0019        24.2518      0.0152282            195            961           7675
           0.0019        24.5031      0.0157459            121            960           7684
           0.0019         23.803      0.0152923            129            949           7585
           0.0019        25.2655      0.0166291            154           1013           8115
           0.0019        21.9184      0.0147734            106            944           7564
           0.0019        24.4341      0.0155242            133            963           7700
           0.0019        24.2097      0.0157627            124            930           7440
           0.0019        23.9781       0.014959            128            958           7659
           0.0019        25.0869      0.0147539            215            944           7554
           0.0019         24.281      0.0158791            100            968           7749
           0.0019         26.862      0.0159098            246            971           7764
           0.0019        25.6171      0.0154758            235            961           7676
           0.0019         21.818       0.014996            103            945           7558
           0.0019        24.8649       0.016252            159           1007           8061
           0.0021        27.2732      0.0171714            178           1065           8517
           0.0021        24.7727      0.0163555            115           1047           8374
           0.0021        26.7607      0.0175254            183           1120           8973
           0.0021        29.0259      0.0171925            242           1083           8665
           0.0021        29.3711      0.0168135            305           1059           8474
           0.0021        31.3651       0.017002            211           1071           8569
           0.0021        26.0265      0.0173512            190           1094           8745
           0.0021        25.0974      0.0172875            149           1037           8298
           0.0021        26.5775      0.0161845            161           1020           8157
           0.0021        26.7404       0.016871            121           1063           8503
           0.0021        26.3658       0.017254            133           1088           8696
           0.0021        28.9022      0.0173353            251           1094           8737
           0.0021        27.2992      0.0173115            148           1056           8448
           0.0021        24.2194      0.0173136            191           1021           8172
           0.0021        26.3065      0.0172097            216           1067           8536
           0.0021        32.3526      0.0173457            250           1109           8881
           0.0021        29.7622      0.0172177            226           1068           8540
           0.0021        30.7942      0.0178649            247           1108           8861
           0.0021         28.781      0.0176627            252           1114           8902
           0.0021        26.8503       0.016004            186           1009           8066
           0.0023        30.6493      0.0179883            349           1152           9210
