% fname: routing_oddeven__sel_random__topology_8x8__.m
% ./noxim -routing oddeven -sel random -dimx 8 -dimy 8  -sim 10000 -warmup 2000 -size 8 8 -buffer 2 -hs 6 0.2 -hs 7 0.2 -hs 14 0.2 -hs 15 0.2 

function [max_pir, max_throughput, min_delay] = routing_oddeven__sel_random__topology_8x8__(symbol)

data = [
%             pir      avg_delay     throughput      max_delay       rpackets         rflits
           0.0015        20.9378      0.0128093            112            756           6046
           0.0015        18.7078      0.0125668             80            729           5831
           0.0015        19.8058      0.0125172             86            726           5808
           0.0015        20.0839      0.0131732             88            751           6007
           0.0015        19.4562      0.0118214            109            662           5296
           0.0015        19.3439      0.0128263            109            756           6054
           0.0015        20.6913      0.0130881             82            797           6387
           0.0015        21.1372      0.0126794            129            787           6289
           0.0015        22.9877      0.0131754            122            815           6535
           0.0015        22.4752      0.0146932            117            808           6465
           0.0015        18.9192      0.0121792             77            730           5846
           0.0015        21.6604        0.01325            104            795           6360
           0.0015        21.0387      0.0133599            108            775           6199
           0.0015        20.8051      0.0138487            126            790           6315
           0.0015        19.6538      0.0125167             99            751           6008
           0.0015        20.2451      0.0133103            116            771           6176
           0.0015        20.5845      0.0124458             83            746           5974
           0.0015         22.513      0.0136695            129            807           6452
           0.0015        19.8403      0.0137634             96            770           6166
           0.0015        20.9212      0.0126907             96            749           5990
           0.0017        21.9871      0.0144386            133            852           6815
           0.0017        22.2151      0.0140887            103            874           6988
           0.0017        21.4563      0.0145862            113            846           6768
           0.0017        22.1015      0.0149332            115            867           6929
           0.0017        24.8413      0.0149395            157            926           7410
           0.0017        23.0536      0.0145337            145            915           7325
           0.0017        21.5421      0.0135813             96            856           6845
           0.0017        27.0405       0.014754            243            914           7318
           0.0017        23.2416      0.0144167            158            865           6920
           0.0017           19.6      0.0153556             75            890           7125
           0.0017        21.4469      0.0148299            100            904           7237
           0.0017        21.9921      0.0147854             90            888           7097
           0.0017         19.759      0.0132746             79            809           6478
           0.0017        21.2392      0.0142278            100            882           7057
           0.0017        23.2942      0.0138649            122            860           6877
           0.0017        23.5029      0.0142172            113            867           6938
           0.0017        22.0977      0.0145805             97            860           6882
           0.0017        23.6734      0.0148583            141            891           7132
           0.0017        21.0152      0.0143042             84            858           6866
           0.0017        22.8403      0.0140697            124            858           6866
           0.0019        24.9394      0.0165129            158            957           7662
           0.0019         27.004      0.0163266            210           1012           8098
           0.0019        26.7155      0.0171687            198           1030           8241
           0.0019        23.1766      0.0165363            105           1025           8202
           0.0019        24.0408      0.0156598            193            956           7642
           0.0019        22.3397      0.0153689            127            939           7500
           0.0019        22.7223      0.0160323            163            994           7952
           0.0019        24.6239      0.0153569            161            952           7617
           0.0019        23.2518      0.0165593            127            977           7816
           0.0019        24.4382      0.0156311            155            954           7628
           0.0019        24.1356      0.0163354            166            981           7841
           0.0019        23.3462      0.0150423            116            933           7461
           0.0019        25.0326      0.0153468            119            952           7612
           0.0019        22.8995      0.0156996            124            975           7787
           0.0019        26.0495      0.0153206            205            949           7599
           0.0019        24.5446      0.0163525            148            997           7980
           0.0019        24.1356      0.0153373            166            966           7730
           0.0019        22.7184      0.0163417            118            980           7844
           0.0019         25.353      0.0172354            297           1034           8273
           0.0019        26.3786      0.0161488            186           1017           8139
           0.0021        24.8847      0.0166429            210           1049           8388
           0.0021        25.6535      0.0168472            186           1062           8491
           0.0021        30.8214      0.0170437            291           1075           8590
           0.0021         27.465      0.0185061            263           1127           9031
           0.0021          24.64      0.0163848            194           1050           8389
           0.0021        27.5311      0.0171032            192           1077           8620
           0.0021        24.3583      0.0166048            151           1030           8236
           0.0021        26.3573      0.0171806            199           1083           8659
           0.0021        27.0678      0.0178811            255           1091           8726
           0.0021        26.5081      0.0183115            148           1116           8936
           0.0021        27.2853      0.0176979            159           1062           8495
           0.0021        26.8915       0.017248            244           1069           8555
           0.0021        28.6202      0.0177639            180           1119           8953
           0.0021        25.9631      0.0174919            138           1084           8676
           0.0021        26.9038         0.0165            198           1039           8316
           0.0021        24.2581      0.0167381            128           1054           8436
           0.0021        29.8283      0.0183197            232           1118           8940
           0.0021        28.7369       0.017244            282           1068           8553
           0.0021        25.9906      0.0171431            172           1063           8503
           0.0021        34.6078      0.0173125            303           1109           8864
           0.0023        30.0929      0.0186947            238           1141           9123
