% fname: routing_dyad_0_6__sel_bufferlevel__topology_8x8__.m
% ./noxim -routing dyad 0.6 -sel bufferlevel -dimx 8 -dimy 8  -sim 10000 -warmup 2000 -size 8 8 -buffer 4 

function [max_pir, max_throughput, min_delay] = routing_dyad_0_6__sel_bufferlevel__topology_8x8__(symbol)

data = [
%             pir      avg_delay     throughput      max_delay       rpackets         rflits
             0.01        27.4014       0.079252            182           5072          40577
             0.01        26.0862      0.0813691            139           5209          41661
             0.01        26.1455      0.0787734            179           5043          40332
             0.01         29.055      0.0807168            183           5168          41327
             0.01        26.7011      0.0824004            149           5276          42189
             0.01        27.8201      0.0798008            176           5108          40858
             0.01        26.7488       0.079082            168           5059          40490
             0.01        27.3809       0.079418            230           5083          40662
             0.01        26.5779      0.0794355            178           5086          40671
             0.01        28.2014      0.0801836            185           5133          41054
             0.01        27.5569      0.0776406            195           4967          39752
             0.01        29.0972       0.079373            231           5081          40639
             0.01        28.1457      0.0803086            195           5141          41118
             0.01        28.1827      0.0811797            282           5194          41564
             0.01        27.4508      0.0803477            183           5142          41138
             0.01        28.9104      0.0807344            275           5169          41336
             0.01        27.9463      0.0782383            241           5007          40058
             0.01        27.5094      0.0802188            178           5135          41072
             0.01         28.001      0.0795879            160           5095          40749
             0.01        27.1286      0.0811816            170           5194          41565
           0.0105        30.7229       0.085418            190           5470          43734
           0.0105        28.5561      0.0837832            172           5364          42897
           0.0105         30.158       0.085334            233           5457          43691
           0.0105        28.7008      0.0820566            156           5251          42013
           0.0105        29.4577      0.0850684            244           5443          43555
           0.0105        28.5495      0.0833828            233           5336          42692
           0.0105        28.8563      0.0840195            217           5374          43018
           0.0105        33.7833      0.0845684            427           5413          43299
           0.0105        28.7307      0.0835645            243           5343          42785
           0.0105        28.9655      0.0868828            185           5559          44484
           0.0105        27.8187      0.0843398            232           5399          43182
           0.0105        29.6841      0.0843008            210           5397          43162
           0.0105        27.7097      0.0827891            199           5298          42388
           0.0105        28.0717      0.0840957            174           5381          43057
           0.0105        29.5461      0.0840137            234           5376          43015
           0.0105         28.913      0.0844219            200           5405          43224
           0.0105        32.1389      0.0849531            266           5435          43496
           0.0105        29.1317      0.0840898            238           5383          43054
           0.0105        29.1204      0.0843203            220           5399          43172
           0.0105        27.9631      0.0841582            199           5387          43089
            0.011        30.3945      0.0874961            196           5600          44798
            0.011        31.2929      0.0871445            209           5579          44618
            0.011        30.5804      0.0878184            211           5625          44963
            0.011        31.7383      0.0884492            213           5659          45286
            0.011        30.5442      0.0886172            218           5673          45372
            0.011        32.0306      0.0874238            209           5597          44761
            0.011        37.6453      0.0864082            506           5532          44241
            0.011        29.8737      0.0864727            289           5534          44274
            0.011        29.6533      0.0869648            167           5564          44526
            0.011        32.5295      0.0881621            262           5645          45139
            0.011        31.5034      0.0901992            295           5773          46182
            0.011        29.0627      0.0872559            217           5580          44675
            0.011        32.2061      0.0869297            234           5565          44508
            0.011        31.4187      0.0870801            204           5575          44585
            0.011         31.072      0.0883535            223           5656          45237
            0.011        30.4855      0.0859609            204           5499          44012
            0.011        33.1884      0.0882441            228           5648          45181
            0.011        31.4512       0.087832            261           5621          44970
            0.011        34.8504       0.090498            420           5794          46335
            0.011         30.366      0.0882246            177           5647          45171
           0.0115        32.0436      0.0920527            233           5895          47131
           0.0115        33.4353      0.0914219            217           5853          46808
           0.0115        33.4427      0.0907617            294           5812          46470
           0.0115        32.7185      0.0914414            236           5857          46818
           0.0115         32.356      0.0926465            298           5932          47435
           0.0115        34.9379      0.0923359            286           5910          47276
           0.0115        34.5936      0.0933438            352           5977          47792
           0.0115        32.4488      0.0905391            270           5795          46356
           0.0115        35.8862      0.0947383            262           6062          48506
           0.0115        32.7826      0.0924531            279           5915          47336
           0.0115        32.9364      0.0900605            211           5767          46111
           0.0115        38.2334      0.0927188            439           5935          47472
           0.0115        34.1265      0.0931836            283           5960          47710
           0.0115        33.1842      0.0911934            338           5837          46691
           0.0115        33.3081      0.0905742            257           5796          46374
           0.0115        32.9914      0.0910938            270           5832          46640
           0.0115        33.7015      0.0934316            234           5979          47837
           0.0115        32.9856      0.0919648            259           5888          47086
           0.0115        33.1725      0.0925117            272           5924          47366
           0.0115        32.1433      0.0915957            264           5867          46897
            0.012        35.9368      0.0945469            266           6047          48408
