% fname: routing_oddeven__sel_bufferlevel__topology_8x8__.m
% ./noxim -routing oddeven -sel bufferlevel -dimx 8 -dimy 8  -sim 10000 -warmup 2000 -size 8 8 -buffer 4 

function [max_pir, max_throughput, min_delay] = routing_oddeven__sel_bufferlevel__topology_8x8__(symbol)

data = [
%             pir      avg_delay     throughput      max_delay       rpackets         rflits
             0.01        22.7641      0.0794434            225           5086          40675
             0.01        22.0685      0.0796387            155           5096          40775
             0.01        23.9788       0.082709            196           5294          42347
             0.01        23.0865      0.0802383            152           5134          41082
             0.01        22.6164      0.0800332            133           5125          40977
             0.01        24.1637      0.0813027            257           5205          41627
             0.01         22.646      0.0794082            135           5082          40657
             0.01        22.4433      0.0800488            151           5123          40985
             0.01        23.7573      0.0826465            178           5287          42315
             0.01        22.2486      0.0788555            127           5049          40374
             0.01        21.9293      0.0789316            148           5053          40413
             0.01        23.9588      0.0807285            179           5166          41333
             0.01        23.1506      0.0806484            152           5159          41292
             0.01        22.3356      0.0818418            166           5236          41903
             0.01        22.3616      0.0784863            146           5022          40185
             0.01         23.192      0.0792422            234           5073          40572
             0.01        23.0396      0.0789199            126           5048          40407
             0.01        22.5186      0.0788145            170           5044          40353
             0.01        22.4507      0.0800332            148           5121          40977
             0.01        22.4778      0.0791836            147           5069          40542
           0.0105        24.6511      0.0842773            170           5394          43150
           0.0105        24.8665      0.0857617            174           5489          43910
           0.0105        24.6566      0.0820684            170           5251          42019
           0.0105        24.3143      0.0827246            251           5294          42355
           0.0105        24.0892      0.0837187            219           5357          42864
           0.0105        25.2115      0.0830703            233           5315          42532
           0.0105        23.8663        0.08575            161           5489          43904
           0.0105        24.6657      0.0833984            187           5337          42700
           0.0105        24.5045      0.0829063            198           5306          42448
           0.0105        24.1287      0.0838789            162           5371          42946
           0.0105         23.088      0.0838418            164           5361          42927
           0.0105        23.5633       0.083332            258           5331          42666
           0.0105        24.9009      0.0836172            249           5350          42812
           0.0105        24.8194      0.0844395            194           5405          43233
           0.0105        26.8351       0.086709            262           5549          44395
           0.0105        24.7545      0.0854395            180           5471          43745
           0.0105        23.6666       0.083957            150           5372          42986
           0.0105         24.441      0.0849141            156           5435          43476
           0.0105        24.6307      0.0846055            190           5416          43318
           0.0105        23.8794      0.0828125            138           5299          42400
            0.011        25.0905      0.0882539            176           5648          45186
            0.011        25.4516      0.0898438            191           5751          46000
            0.011        25.0609      0.0877852            164           5620          44946
            0.011        27.1893      0.0880313            227           5636          45072
            0.011        26.6024      0.0899609            258           5757          46060
            0.011        26.4495       0.087457            200           5595          44778
            0.011        26.8856      0.0867227            198           5551          44402
            0.011        24.3956      0.0871484            198           5581          44620
            0.011        26.3683      0.0892754            177           5716          45709
            0.011        24.6165      0.0891445            147           5705          45642
            0.011        24.8599      0.0873906            144           5595          44744
            0.011        26.8721      0.0861563            300           5513          44112
            0.011        24.6941       0.086666            181           5547          44373
            0.011        25.0679      0.0862754            368           5522          44173
            0.011        26.2889      0.0875879            177           5607          44845
            0.011        24.6011      0.0866719            267           5553          44376
            0.011        25.5431      0.0902715            159           5776          46219
            0.011        24.6621      0.0880801            165           5638          45097
            0.011        26.4354      0.0873203            201           5586          44708
            0.011        25.0994      0.0894785            176           5723          45813
           0.0115        26.2559      0.0927188            167           5935          47472
           0.0115        26.5233      0.0927031            197           5935          47464
           0.0115        25.3635      0.0909746            182           5821          46579
           0.0115         28.859      0.0922012            490           5899          47207
           0.0115        28.4922      0.0911699            292           5835          46679
           0.0115        26.7549      0.0912012            188           5838          46695
           0.0115        27.4161       0.090375            208           5782          46272
           0.0115        27.7296      0.0949824            242           6081          48631
           0.0115        27.4811      0.0924023            211           5914          47310
           0.0115        28.9309      0.0917695            277           5874          46986
           0.0115        26.0828       0.092791            183           5940          47509
           0.0115        27.5622        0.09275            292           5934          47488
           0.0115        27.8652       0.093041            196           5958          47637
           0.0115        27.4956      0.0929375            261           5946          47584
           0.0115        28.4072      0.0925352            194           5921          47378
           0.0115        26.3448      0.0906191            223           5798          46397
           0.0115        25.5958      0.0903125            197           5780          46240
           0.0115        27.4052       0.092877            252           5945          47553
           0.0115        27.8381      0.0924629            280           5919          47341
           0.0115        27.9259      0.0913262            283           5845          46759
            0.012        32.0824      0.0977148            535           6251          50030
