% fname: routing_oddeven__sel_nop__topology_8x8__.m
% ./noxim -routing oddeven -sel nop -dimx 8 -dimy 8  -sim 10000 -warmup 2000 -size 8 8 -buffer 4 

function [max_pir, max_throughput, min_delay] = routing_oddeven__sel_nop__topology_8x8__(symbol)

data = [
%             pir      avg_delay     throughput      max_delay       rpackets         rflits
             0.01        22.3977      0.0809746            152           5182          41459
             0.01        21.7834      0.0804844            116           5156          41208
             0.01        21.8256       0.078752            106           5039          40321
             0.01        22.9283      0.0798008            147           5106          40858
             0.01        22.1058      0.0790625            162           5064          40480
             0.01         22.964      0.0808008            200           5170          41370
             0.01        22.5826      0.0810215            153           5187          41483
             0.01        22.6872      0.0807754            126           5172          41357
             0.01        22.9257      0.0819648            191           5249          41966
             0.01        22.0206      0.0802695            114           5137          41098
             0.01        21.8634       0.080043            157           5123          40982
             0.01         21.513      0.0795723             89           5094          40741
             0.01        22.8237      0.0812305            145           5200          41590
             0.01        21.7865      0.0792949             94           5072          40599
             0.01        21.6147      0.0807441            106           5170          41341
             0.01        21.7244      0.0787793            119           5039          40335
             0.01        21.5082      0.0784668            151           5018          40175
             0.01        21.7318      0.0789727            114           5055          40434
             0.01        21.7604      0.0782734            120           5012          40076
             0.01        21.7464      0.0801875            133           5130          41056
           0.0105           22.8      0.0836035            162           5350          42805
           0.0105        22.9347      0.0855039            107           5470          43778
           0.0105         23.186      0.0861172            113           5510          44092
           0.0105        22.6696      0.0829551            125           5311          42473
           0.0105        22.0909      0.0842344            124           5391          43128
           0.0105         22.571      0.0834629            111           5343          42733
           0.0105        22.5755      0.0836816             93           5354          42845
           0.0105        22.7549      0.0832207            113           5325          42609
           0.0105        23.1578      0.0848008            128           5424          43418
           0.0105        22.5092      0.0835898            117           5352          42798
           0.0105        22.3673      0.0829434            124           5307          42467
           0.0105        23.6829      0.0841875            319           5386          43104
           0.0105        23.3659      0.0860059            170           5502          44035
           0.0105        22.1466      0.0821738            130           5258          42073
           0.0105        23.1569      0.0839043            122           5373          42959
           0.0105        22.9546      0.0839785            112           5375          42997
           0.0105         22.926      0.0844844            155           5407          43256
           0.0105        22.3551      0.0834883            168           5345          42746
           0.0105         22.817      0.0853125            134           5459          43680
           0.0105        22.9528      0.0843535            119           5401          43189
            0.011        23.9048      0.0865566            147           5538          44317
            0.011        23.6703      0.0872656            127           5587          44680
            0.011        23.8002      0.0885176            153           5666          45321
            0.011        23.1217      0.0875215            139           5603          44811
            0.011        23.7687      0.0865996            123           5542          44339
            0.011        23.7128      0.0870684            115           5572          44579
            0.011        25.4307      0.0897324            135           5742          45943
            0.011        23.4817      0.0872969            115           5588          44696
            0.011          24.46      0.0883633            165           5654          45242
            0.011        23.8979      0.0877051            207           5612          44905
            0.011        23.6528      0.0889063            125           5689          45520
            0.011        24.9002      0.0884336            136           5659          45278
            0.011        24.6074       0.086625            158           5548          44352
            0.011        24.5278      0.0900176            123           5758          46089
            0.011        23.1147       0.087957            139           5633          45034
            0.011        23.7752      0.0878301            130           5624          44969
            0.011        24.4059      0.0866055            161           5543          44342
            0.011        24.1088      0.0875293            165           5605          44815
            0.011        24.5949      0.0884707            158           5660          45297
            0.011        23.3946       0.087002            126           5567          44545
           0.0115        25.2531      0.0916875            145           5867          46944
           0.0115        27.1924      0.0941387            260           6025          48199
           0.0115        24.2644      0.0909395            129           5820          46561
           0.0115        26.1648      0.0951973            149           6091          48741
           0.0115        24.5788      0.0912461            145           5841          46718
           0.0115        25.0117      0.0917539            162           5877          46978
           0.0115        24.0575       0.089875            150           5742          46016
           0.0115        26.1654      0.0912637            195           5842          46727
           0.0115         25.499      0.0931855            156           5966          47711
           0.0115        25.6842      0.0910098            139           5826          46597
           0.0115        25.8231      0.0943672            135           6039          48316
           0.0115        25.2497      0.0902031            202           5776          46184
           0.0115         25.816      0.0925449            159           5924          47383
           0.0115        25.2772      0.0925684            143           5924          47395
           0.0115        25.4914      0.0939922            163           6012          48124
           0.0115        26.2092      0.0926152            227           5926          47419
           0.0115        24.6535      0.0906504            149           5803          46413
           0.0115        25.1924      0.0934512            157           5978          47847
           0.0115        24.1142      0.0901758            146           5772          46170
           0.0115          24.93      0.0923672            167           5912          47292
            0.012        25.5641      0.0956406            154           6116          48968
            0.012        27.1305      0.0972402            216           6223          49787
