% fname: routing_oddeven__sel_random__topology_8x8__.m
% ./noxim -routing oddeven -sel random -dimx 8 -dimy 8  -sim 10000 -warmup 2000 -size 8 8 -buffer 2 

function [max_pir, max_throughput, min_delay] = routing_oddeven__sel_random__topology_8x8__(symbol)

data = [
%             pir      avg_delay     throughput      max_delay       rpackets         rflits
            0.007        19.5015      0.0558105            100           3573          28575
            0.007        19.7299      0.0550137            111           3521          28167
            0.007         19.097      0.0533906             95           3421          27336
            0.007        19.3018      0.0544199            119           3482          27863
            0.007        19.3807      0.0567734             90           3633          29068
            0.007        19.8302      0.0570547            126           3651          29212
            0.007        19.4064       0.054998            131           3521          28159
            0.007         19.614      0.0542285            135           3469          27765
            0.007        19.3549       0.055457             84           3550          28394
            0.007        20.0161      0.0562129            105           3598          28781
            0.007        19.7996      0.0555664            156           3557          28450
            0.007        19.4828      0.0554102             99           3544          28370
            0.007        19.7922      0.0566191            128           3624          28989
            0.007          19.56      0.0563184            115           3607          28835
            0.007        19.8484      0.0568906            123           3641          29128
            0.007        19.4455      0.0556074            152           3558          28471
            0.007        19.0313      0.0549004             93           3513          28109
            0.007         19.088      0.0552285             96           3534          28277
            0.007        19.1948      0.0565957             96           3624          28977
            0.007        19.7363       0.055209            121           3534          28267
            0.008        21.6852      0.0665156            144           4257          34056
            0.008        21.7233       0.062666            171           4012          32085
            0.008        21.2998      0.0646953            122           4139          33124
            0.008        20.8707        0.06475            135           4146          33152
            0.008        20.9513      0.0628574            113           4021          32183
            0.008        21.6597      0.0626973            164           4011          32101
            0.008        20.5444      0.0649648            114           4159          33262
            0.008        21.7498      0.0645918            115           4137          33071
            0.008        20.8879      0.0635801             97           4069          32553
            0.008        21.6017      0.0627871            134           4017          32147
            0.008        21.2169      0.0624648            118           3997          31982
            0.008        21.6156      0.0646836            159           4142          33118
            0.008         20.692      0.0625938            101           4007          32048
            0.008        21.3104      0.0634141            147           4056          32468
            0.008        20.8866      0.0634688            150           4064          32496
            0.008        20.6423      0.0637461            158           4076          32638
            0.008        21.5363      0.0657363            118           4210          33657
            0.008        21.6228      0.0643789            113           4117          32962
            0.008        21.7233      0.0641406            151           4105          32840
            0.008        21.1506      0.0631113            110           4038          32313
            0.009        24.1449      0.0724219            163           4632          37080
            0.009        23.2015      0.0726445            161           4650          37194
            0.009         25.493      0.0722187            180           4619          36976
            0.009          22.13      0.0689668            226           4415          35311
            0.009        24.9023      0.0723105            176           4626          37023
            0.009        24.3561      0.0717207            166           4591          36721
            0.009        24.0168      0.0736973            123           4715          37733
            0.009        23.5176         0.0725            146           4641          37120
            0.009        24.1584       0.071834            186           4595          36779
            0.009        24.1572      0.0721074            161           4617          36919
            0.009        24.2263      0.0742031            185           4751          37992
            0.009        24.6312      0.0725059            211           4639          37123
            0.009        24.1161      0.0722656            162           4625          37000
            0.009        22.9471       0.071209            140           4558          36459
            0.009        23.7973      0.0705176            170           4513          36105
            0.009        24.1441      0.0713555            169           4565          36534
            0.009        23.1454      0.0719785            176           4608          36853
            0.009         23.181      0.0716855            147           4586          36703
            0.009        23.6257      0.0708906            145           4539          36296
            0.009        22.2951      0.0708437            124           4534          36272
             0.01        27.0168      0.0801895            286           5132          41057
             0.01        27.4049      0.0805547            236           5159          41244
             0.01        27.5629       0.078377            293           5013          40129
             0.01         27.259      0.0803809            155           5146          41155
             0.01        28.7378      0.0810234            207           5184          41484
             0.01        32.3527      0.0811816            439           5197          41565
             0.01        28.8925      0.0811094            215           5191          41528
             0.01        27.7729      0.0792754            212           5077          40589
             0.01        26.6736      0.0793711            188           5080          40638
             0.01        30.0458      0.0821699            273           5257          42071
             0.01        29.8518      0.0807676            334           5169          41353
             0.01         34.643       0.080832            403           5174          41386
             0.01        26.3673      0.0798828            191           5113          40900
             0.01        28.7072       0.081248            261           5201          41599
             0.01        28.7189      0.0816641            183           5226          41812
             0.01        30.6105      0.0804277            265           5145          41179
             0.01        27.1577      0.0800801            238           5124          41001
             0.01        26.4028      0.0798652            192           5112          40891
             0.01         30.428      0.0789336            360           5051          40414
             0.01        24.2799      0.0764121            180           4894          39123
            0.011        40.2811      0.0869199            517           5560          44503
            0.011        33.0384      0.0879961            206           5628          45054
