% fname: routing_dyad_0_6__sel_bufferlevel__topology_8x8__.m
% ./noxim -routing dyad 0.6 -sel bufferlevel -dimx 8 -dimy 8  -sim 10000 -warmup 2000 -size 8 8 -buffer 2 -hs 6 0.2 -hs 7 0.2 -hs 14 0.2 -hs 15 0.2 

function [max_pir, max_throughput, min_delay] = routing_dyad_0_6__sel_bufferlevel__topology_8x8__(symbol)

data = [
%             pir      avg_delay     throughput      max_delay       rpackets         rflits
           0.0015        19.3441      0.0131419            101            776           6203
           0.0015        22.2008      0.0131674            136            777           6215
           0.0015        19.9212      0.0131315            100            761           6093
           0.0015        20.9667      0.0135229            145            812           6491
           0.0015        19.5896      0.0127433             74            714           5709
           0.0015        21.9655      0.0135065            158            783           6267
           0.0015        20.3207      0.0122729            108            736           5891
           0.0015        23.6582       0.013375            173            749           5992
           0.0015        21.8238       0.013964            143            823           6591
           0.0015        21.9842      0.0130733            177            759           6066
           0.0015         22.127      0.0137585            134            811           6494
           0.0015         20.607      0.0124625            110            748           5982
           0.0015        21.2297      0.0131229            125            775           6194
           0.0015         23.125      0.0131107            208            800           6398
           0.0015        20.0531      0.0125479             86            753           6023
           0.0015        21.1641      0.0137039            153            780           6249
           0.0015        20.6425       0.012175            120            730           5844
           0.0015        19.3769      0.0122306            135            711           5675
           0.0015        20.2011      0.0128728            121            721           5767
           0.0015        21.4018      0.0129406            103            789           6315
           0.0017        23.8452      0.0154892            231            898           7187
           0.0017        22.4551      0.0144671            149            824           6597
           0.0017        23.3329      0.0145975            197            862           6890
           0.0017        23.5603       0.014543            192            887           7097
           0.0017        21.2189      0.0140121            110            868           6950
           0.0017        21.1422      0.0141896            126            851           6811
           0.0017        23.2674       0.013875            156            860           6882
           0.0017        21.2916      0.0134877            139            823           6582
           0.0017        22.2347      0.0152225            163            899           7185
           0.0017        24.6395      0.0146926            167            896           7170
           0.0017        20.6623      0.0133155            189            838           6711
           0.0017        22.7821      0.0133226            157            826           6608
           0.0017        21.8767      0.0151118            101            860           6891
           0.0017        22.2821      0.0146354            125            879           7025
           0.0017        22.5878      0.0139877            110            854           6826
           0.0017         22.961       0.014339            165            846           6768
           0.0017        22.4061      0.0142722            157            884           7079
           0.0017        20.1827      0.0134028             80            843           6755
           0.0017        22.8188      0.0151674            185            894           7159
           0.0017        23.3922      0.0141411            220            877           7014
           0.0019        24.7319      0.0172105            113            981           7848
           0.0019        23.9234      0.0156291            138            953           7627
           0.0019        28.5571      0.0165202            226           1025           8194
           0.0019         26.269      0.0168217            264           1026           8209
           0.0019        22.5964      0.0154611            113            944           7545
           0.0019        22.1544      0.0149355            103            926           7408
           0.0019        27.8216      0.0170225            238           1037           8307
           0.0019        24.7436      0.0150081            163            932           7444
           0.0019        24.7487      0.0147857            209            931           7452
           0.0019         26.501       0.015873            169           1002           8000
           0.0019        24.0416      0.0162945            181            961           7691
           0.0019        28.5679      0.0163125            246            979           7830
           0.0019        24.8168      0.0167331            190            988           7898
           0.0019        26.9388      0.0155456            198            980           7835
           0.0019        25.5662      0.0158427            201            982           7858
           0.0019        28.0378      0.0155496            175            978           7837
           0.0019        26.7746      0.0162917            159            976           7820
           0.0019        24.2448      0.0158463            156            968           7733
           0.0019        23.7059      0.0154839            118            959           7680
           0.0019        26.3649      0.0156855            251            973           7780
           0.0021        25.2357      0.0163548            215           1014           8112
           0.0021        28.7765       0.016625            164           1065           8512
           0.0021        30.7519      0.0171653            258           1064           8514
           0.0021        35.3705      0.0177871            336           1139           9107
           0.0021        27.1215      0.0182738            166           1152           9210
           0.0021        28.0232      0.0170952            293           1077           8616
           0.0021        30.0674      0.0169583            304           1069           8547
           0.0021        32.3828      0.0180222            407           1118           8939
           0.0021        29.5649      0.0181947            152           1110           8879
           0.0021        24.5353       0.017373            154           1061           8478
           0.0021        27.3477      0.0172077            154           1067           8535
           0.0021        26.2844      0.0167341            197           1055           8434
           0.0021        28.6011      0.0173242            211           1108           8870
           0.0021        24.7539      0.0167319            190           1036           8299
           0.0021        30.1746      0.0170198            229           1071           8578
           0.0021        25.6276      0.0168234            125           1058           8479
           0.0021        26.9485      0.0178488            189           1106           8853
           0.0021        29.4726      0.0176448            235           1113           8893
           0.0021        27.5624      0.0170635            174           1074           8600
           0.0021        27.6165      0.0197098            230           1103           8830
           0.0023        38.4387      0.0188555            711           1208           9654
