% fname: routing_dyad_0_6__sel_bufferlevel__topology_8x8__.m
% ./noxim -routing dyad 0.6 -sel bufferlevel -dimx 8 -dimy 8  -sim 10000 -warmup 2000 -size 8 8 -buffer 4 -traffic transpose1 

function [max_pir, max_throughput, min_delay] = routing_dyad_0_6__sel_bufferlevel__topology_8x8__(symbol)

data = [
%             pir      avg_delay     throughput      max_delay       rpackets         rflits
            0.008        26.3091      0.0615703            229           3940          31524
            0.008        28.2241      0.0652109            215           4173          33388
            0.008        27.2058      0.0647832            258           4145          33169
            0.008        25.5592      0.0655195            232           4192          33546
            0.008        30.3696      0.0657871            293           4210          33683
            0.008        28.1567      0.0650566            210           4162          33309
            0.008        27.2926      0.0637812            201           4081          32656
            0.008        24.6785          0.063            188           4034          32256
            0.008        26.7044      0.0627227            244           4015          32114
            0.008        26.5764      0.0631758            280           4044          32346
            0.008        26.7776      0.0656074            258           4199          33591
            0.008        27.9826      0.0629141            254           4028          32212
            0.008        26.0664      0.0649727            170           4158          33266
            0.008        26.7514      0.0616719            279           3946          31576
            0.008        26.7163      0.0642344            228           4113          32888
            0.008        26.3595       0.065168            234           4172          33366
            0.008        26.8007      0.0632637            209           4045          32391
            0.008        26.5935      0.0646387            238           4140          33095
            0.008        26.2935      0.0645449            176           4130          33047
            0.008        27.7932      0.0629336            301           4029          32222
           0.0088        29.0406      0.0704863            239           4512          36089
           0.0088        28.4861      0.0691172            194           4425          35388
           0.0088        31.5258       0.070248            244           4496          35967
           0.0088        28.6402      0.0695215            217           4452          35595
           0.0088        29.0616      0.0704785            268           4511          36085
           0.0088        30.4683      0.0714707            296           4572          36593
           0.0088        30.6294      0.0716348            468           4584          36677
           0.0088        30.8238       0.070207            285           4494          35946
           0.0088        31.6264      0.0716777            261           4588          36699
           0.0088        30.6975          0.069            253           4416          35328
           0.0088          30.23      0.0717324            271           4592          36727
           0.0088        27.8542      0.0686855            257           4397          35167
           0.0088        27.9751      0.0695586            185           4454          35614
           0.0088        28.3477      0.0708516            203           4532          36276
           0.0088        30.4662      0.0718594            221           4597          36792
           0.0088        30.6234      0.0703535            227           4504          36021
           0.0088        32.4699      0.0726074            327           4646          37175
           0.0088         28.638      0.0708223            230           4533          36261
           0.0088        28.9219      0.0712578            241           4559          36484
           0.0088        30.0356       0.070625            424           4519          36160
           0.0096        34.1989      0.0771133            310           4936          39482
           0.0096        32.7709      0.0775254            271           4962          39693
           0.0096        34.9408       0.076877            356           4918          39361
           0.0096        32.4403      0.0776016            268           4967          39732
           0.0096        34.3583      0.0753984            318           4826          38604
           0.0096        33.5306      0.0763047            256           4883          39068
           0.0096        33.1439      0.0766074            280           4905          39223
           0.0096        33.3265      0.0781641            265           5005          40020
           0.0096        33.0137      0.0750664            346           4807          38434
           0.0096        32.1096      0.0779824            233           4992          39927
           0.0096        30.5684      0.0755566            236           4835          38685
           0.0096        34.4097      0.0790566            312           5057          40477
           0.0096        31.0273      0.0762168            368           4877          39023
           0.0096        33.7342       0.077125            488           4936          39488
           0.0096        33.6261      0.0777578            237           4977          39812
           0.0096        31.9805       0.077627            257           4966          39745
           0.0096         33.607      0.0780449            348           4998          39959
           0.0096        33.8833      0.0771777            379           4943          39515
           0.0096        35.7546      0.0780547            406           4995          39964
           0.0096        31.7248      0.0760156            253           4865          38920
           0.0104        37.3936      0.0836504            347           5350          42829
           0.0104        37.6024      0.0835898            460           5352          42798
           0.0104        40.0313      0.0842578            337           5395          43140
           0.0104        38.1879      0.0834023            335           5337          42702
           0.0104        36.9842      0.0842617            385           5391          43142
           0.0104        36.8037      0.0821211            364           5256          42046
           0.0104        38.1027      0.0837891            336           5363          42900
           0.0104        41.0771      0.0833164            606           5332          42658
           0.0104        37.1066      0.0844121            533           5401          43219
           0.0104        38.3693      0.0823496            607           5269          42163
           0.0104        36.1288      0.0837754            385           5359          42893
           0.0104        37.6222      0.0830957            353           5315          42545
           0.0104        36.0364      0.0816348            391           5222          41797
           0.0104        39.4019      0.0839531            374           5374          42984
           0.0104        36.8013      0.0826074            416           5285          42295
           0.0104        38.0975      0.0825742            413           5284          42278
           0.0104         33.844      0.0831406            229           5326          42568
           0.0104        37.3316      0.0844277            365           5404          43227
           0.0104        37.6885      0.0829609            481           5313          42476
           0.0104        32.7889      0.0813867            240           5210          41670
           0.0112         41.107      0.0901875            487           5769          46176
