% fname: routing_oddeven__sel_nop__topology_8x8__.m
% ./noxim -routing oddeven -sel nop -dimx 8 -dimy 8  -sim 10000 -warmup 2000 -size 8 8 -traffic transpose1 -buffer 4 

function [max_pir, max_throughput, min_delay] = routing_oddeven__sel_nop__topology_8x8__(symbol)

data = [
%             pir      avg_delay     throughput      max_delay       rpackets         rflits
            0.008        17.4486      0.0627012            112           4015          32103
            0.008        18.2792      0.0657344             89           4209          33656
            0.008        17.6851      0.0639277            112           4093          32731
            0.008        17.5317      0.0635332             97           4068          32529
            0.008        17.9469      0.0644551            112           4124          33001
            0.008        18.3742      0.0648281            112           4148          33192
            0.008        18.6813      0.0644922            123           4126          33020
            0.008        18.3445      0.0649141             96           4154          33236
            0.008        17.3733         0.0625            118           4002          32000
            0.008        18.0671      0.0628809             98           4024          32195
            0.008        17.2106      0.0628594            101           4021          32184
            0.008        17.8987      0.0643887            101           4118          32967
            0.008        17.8267      0.0636973            110           4075          32613
            0.008        17.1083      0.0626172             90           4007          32060
            0.008        17.5741      0.0631914            129           4046          32354
            0.008        17.7134      0.0632188            123           4044          32368
            0.008        17.7401         0.0635            104           4063          32512
            0.008        17.5261      0.0655938            109           4197          33584
            0.008        17.8022      0.0649531            103           4156          33256
            0.008        18.0631      0.0663789             93           4249          33986
           0.0088        18.3772      0.0692656            107           4435          35464
           0.0088        19.2037       0.071793            109           4595          36758
           0.0088        18.4844      0.0687051            125           4397          35177
           0.0088        19.1288      0.0706973            121           4527          36197
           0.0088        18.9424      0.0712988            122           4565          36505
           0.0088        20.3466      0.0715508            188           4579          36634
           0.0088        18.1288      0.0685586             97           4386          35102
           0.0088        18.8604      0.0713633            120           4570          36538
           0.0088        19.0134      0.0687832            151           4399          35217
           0.0088        19.5576       0.070373            178           4505          36031
           0.0088        18.2652      0.0687969             96           4404          35224
           0.0088        19.3027      0.0685645            139           4387          35105
           0.0088        18.8271      0.0704023             97           4506          36046
           0.0088        19.1025      0.0695547            116           4449          35612
           0.0088        19.0851      0.0698203            173           4466          35748
           0.0088        18.4581      0.0681445            121           4366          34890
           0.0088        19.0786      0.0707676            103           4529          36233
           0.0088        19.0127      0.0702187            100           4496          35952
           0.0088        18.5471      0.0699727            116           4482          35826
           0.0088        19.2743      0.0706191            145           4521          36157
           0.0096        20.6984      0.0763789            129           4887          39106
           0.0096         20.832      0.0777539            156           4975          39810
           0.0096        19.5674      0.0751621            133           4815          38483
           0.0096        20.5622      0.0764355            164           4893          39135
           0.0096        19.8394      0.0784492            110           5019          40166
           0.0096         20.584      0.0754258            205           4827          38618
           0.0096        20.8777      0.0775938            129           4965          39728
           0.0096        19.0466      0.0743418            122           4759          38063
           0.0096        19.9159      0.0765664            141           4899          39202
           0.0096        20.5276      0.0793652            152           5080          40635
           0.0096        19.9748      0.0774062            158           4956          39632
           0.0096        20.4568      0.0767285            170           4908          39285
           0.0096         21.056      0.0779004            185           4983          39885
           0.0096        19.7934      0.0763164            152           4884          39074
           0.0096        20.2749      0.0780469            126           4998          39960
           0.0096        20.3851      0.0783711            118           5017          40126
           0.0096        19.7525      0.0788711            107           5046          40382
           0.0096        21.1739      0.0785215            155           5025          40203
           0.0096        21.6574      0.0771699            154           4936          39511
           0.0096        20.8797      0.0782246            165           5004          40051
           0.0104        22.8579      0.0844375            252           5406          43232
           0.0104         22.318       0.082416            171           5273          42197
           0.0104        23.0751      0.0825488            310           5283          42265
           0.0104        21.5354      0.0833828            139           5336          42692
           0.0104        21.9298      0.0824687            183           5283          42224
           0.0104        22.4632       0.082791            199           5298          42389
           0.0104        22.5499      0.0852656            155           5454          43656
           0.0104        22.4439      0.0848379            230           5429          43437
           0.0104        20.6745      0.0819141            174           5244          41940
           0.0104        22.1604      0.0837715            237           5360          42891
           0.0104        20.7593      0.0819395            126           5244          41953
           0.0104        22.2454      0.0822266            173           5264          42100
           0.0104        22.1977      0.0838398            154           5367          42926
           0.0104        22.1884      0.0837734            195           5360          42892
           0.0104        21.2418      0.0820195            248           5249          41994
           0.0104        22.0664      0.0847422            160           5423          43388
           0.0104        21.6727      0.0834668            158           5343          42735
           0.0104         22.224      0.0826055            169           5290          42294
           0.0104        22.1169       0.082916            162           5302          42453
           0.0104        22.9801      0.0824922            236           5282          42236
           0.0112        23.7889       0.089498            175           5731          45823
           0.0112        23.4436      0.0906797            209           5800          46428
