% fname: routing_xy__topology_8x8__.m
% ./noxim -routing xy -dimx 8 -dimy 8  -sim 10000 -warmup 2000 -size 8 8 -traffic transpose1 -buffer 4 

function [max_pir, max_throughput, min_delay] = routing_xy__topology_8x8__(symbol)

data = [
%             pir      avg_delay     throughput      max_delay       rpackets         rflits
            0.008        31.9944      0.0638184            734           4086          32675
            0.008        28.5522      0.0637012            339           4080          32615
            0.008        33.6101      0.0635391            370           4063          32532
            0.008        36.4738       0.064748            580           4147          33151
            0.008        38.8284      0.0624688           1756           3997          31984
            0.008        48.7912       0.065207           1248           4172          33386
            0.008        37.2305      0.0646191            660           4134          33085
            0.008        63.6236      0.0634941           2620           4062          32509
            0.008        31.9932       0.064668            912           4139          33110
            0.008        31.6016       0.063293            609           4051          32406
            0.008        28.9204      0.0630684            384           4033          32291
            0.008        40.0829      0.0625273            780           4003          32014
            0.008        31.9664      0.0646836            454           4143          33118
            0.008        41.2465      0.0643398           1216           4122          32942
            0.008        28.9694      0.0637383            494           4079          32634
            0.008         33.081       0.063832            743           4086          32682
            0.008         33.858       0.065166           1082           4169          33365
            0.008        29.1768      0.0630938            548           4038          32304
            0.008        39.6341      0.0625957           1198           4004          32049
            0.008        41.1692      0.0642266           1313           4114          32884
           0.0088        58.9875      0.0699629           1368           4477          35821
           0.0088        84.0142      0.0692402           3718           4432          35451
           0.0088        82.3782      0.0712754           2424           4561          36493
           0.0088        99.8619      0.0701621           5028           4489          35923
           0.0088        80.9594       0.069207           3167           4430          35434
           0.0088         50.056        0.06975           1500           4464          35712
           0.0088        44.0629      0.0708789            978           4534          36290
           0.0088        67.0789      0.0708105           2054           4535          36255
           0.0088        45.8553      0.0704141           1040           4506          36052
           0.0088        49.4254      0.0717344            867           4589          36728
           0.0088        57.5744       0.071502           1310           4575          36609
           0.0088        60.0728      0.0704121           1742           4505          36051
           0.0088        74.9124      0.0704727           1977           4510          36082
           0.0088        75.4648      0.0710215           1615           4546          36363
           0.0088        73.0416       0.071123           3028           4548          36415
           0.0088        77.7082      0.0708008           2205           4531          36250
           0.0088        49.0722      0.0699707           1219           4476          35825
           0.0088        106.431      0.0706719           4112           4521          36184
           0.0088        62.5993      0.0700293           2411           4482          35855
           0.0088        46.0442      0.0685449           2022           4386          35095
           0.0096         89.915       0.076082           4282           4872          38954
           0.0096        115.188      0.0750254           5080           4799          38413
           0.0096        97.8519      0.0753496           3722           4821          38579
           0.0096        99.7491      0.0753691           3497           4822          38589
           0.0096        103.618      0.0755117           4804           4831          38662
           0.0096        129.381      0.0755039           5165           4832          38658
           0.0096        107.061      0.0753613           3623           4824          38585
           0.0096        121.011      0.0756641           4776           4840          38740
           0.0096        91.3819      0.0750449           3529           4805          38423
           0.0096        114.347      0.0766074           5425           4899          39223
           0.0096        128.353       0.075127           5935           4807          38465
           0.0096        142.126      0.0772012           6939           4940          39527
           0.0096        117.762      0.0767988           4794           4913          39321
           0.0096        88.7837      0.0772246           4646           4943          39539
           0.0096        110.025      0.0756074           5717           4838          38711
           0.0096        93.8165      0.0740254           4372           4735          37901
           0.0096        121.397      0.0774492           5536           4958          39654
           0.0096        94.6075      0.0765645           3467           4899          39201
           0.0096        132.479      0.0764395           5156           4891          39137
           0.0096        96.4047      0.0755781           3927           4838          38696
           0.0104        196.468      0.0803477           6353           5141          41138
           0.0104        138.056      0.0811562           6463           5196          41552
           0.0104        170.527      0.0808047           6640           5172          41372
           0.0104        174.197      0.0807578           6292           5168          41348
           0.0104        186.008      0.0814844           6844           5214          41720
           0.0104        149.506       0.080043           7371           5122          40982
           0.0104        153.091      0.0791426           7152           5064          40521
           0.0104        137.829      0.0798926           5906           5112          40905
           0.0104        170.725      0.0800488           5909           5123          40985
           0.0104        118.646        0.07925           7527           5073          40576
           0.0104         156.72      0.0810801           6163           5188          41513
           0.0104        143.121      0.0793242           6521           5079          40614
           0.0104        146.499      0.0796777           5297           5097          40795
           0.0104         141.92      0.0809355           5501           5180          41439
           0.0104        141.719      0.0796602           6195           5096          40786
           0.0104        141.585      0.0799883           7464           5120          40954
           0.0104        165.087       0.080541           6849           5158          41237
           0.0104        198.565      0.0799453           8099           5117          40932
           0.0104        153.795      0.0811973           5795           5195          41573
           0.0104        187.622      0.0808477           5884           5175          41394
           0.0112        213.952      0.0845801           7082           5412          43305
           0.0112        212.448       0.083252           7803           5330          42625
