% fname: routing_dyad_0_6__sel_bufferlevel__topology_8x8__.m
% ./noxim -routing dyad 0.6 -sel bufferlevel -dimx 8 -dimy 8  -sim 10000 -warmup 2000 -size 8 8 -buffer 2 

function [max_pir, max_throughput, min_delay] = routing_dyad_0_6__sel_bufferlevel__topology_8x8__(symbol)

data = [
%             pir      avg_delay     throughput      max_delay       rpackets         rflits
            0.007        19.9568      0.0549395            100           3517          28129
            0.007        21.2666       0.056877            132           3642          29121
            0.007        20.8197      0.0569395            152           3644          29153
            0.007        20.9013      0.0557559            147           3568          28547
            0.007        20.0684      0.0537305            111           3437          27510
            0.007         21.314      0.0548633            146           3510          28090
            0.007         21.082      0.0568633            148           3636          29114
            0.007        21.2796      0.0550293            138           3523          28175
            0.007        20.5393      0.0550176            137           3523          28169
            0.007        21.3561       0.056373            125           3606          28863
            0.007        20.8739      0.0547578            131           3504          28036
            0.007        21.3028      0.0567422            135           3630          29052
            0.007        21.2748      0.0557754            130           3574          28557
            0.007         19.774      0.0563262            124           3606          28839
            0.007        20.9208      0.0561562            124           3597          28752
            0.007        21.5569      0.0560469            146           3588          28696
            0.007        20.7455      0.0541582            124           3466          27729
            0.007        21.1934      0.0579219            169           3708          29656
            0.007        19.9097      0.0557168            113           3565          28527
            0.007        20.3207       0.055498            112           3549          28415
            0.008        22.9447      0.0647168            107           4142          33135
            0.008        21.8296      0.0631387            137           4043          32327
            0.008        23.0663      0.0624316            180           3997          31965
            0.008        22.9245        0.06375            121           4078          32640
            0.008        23.3898      0.0653535            211           4182          33461
            0.008        23.3355      0.0630449            201           4036          32279
            0.008        23.1987      0.0636152            117           4071          32571
            0.008        22.7449      0.0635859            198           4069          32556
            0.008         22.984      0.0634512            198           4060          32487
            0.008        23.5365       0.062834            132           4019          32171
            0.008        23.1476      0.0643633            159           4119          32954
            0.008        22.7162      0.0630449            126           4035          32279
            0.008        23.2423      0.0642461            156           4114          32894
            0.008         23.448      0.0651094            145           4167          33336
            0.008        23.9993      0.0656953            163           4206          33636
            0.008        23.7692      0.0657246            193           4207          33651
            0.008        23.5666      0.0639102            151           4089          32722
            0.008        22.5355      0.0649824            125           4159          33271
            0.008        22.8968      0.0623809            180           3992          31939
            0.008        23.6172      0.0640488            149           4096          32793
            0.009        26.6739      0.0711895            169           4554          36449
            0.009        26.1602      0.0728984            233           4664          37324
            0.009        26.6312      0.0721563            253           4621          36944
            0.009        25.7727      0.0724766            182           4637          37108
            0.009        26.9661      0.0722578            203           4626          36996
            0.009        25.1907      0.0704707            260           4510          36081
            0.009        26.9756      0.0729629            231           4670          37357
            0.009         26.515      0.0724121            228           4635          37075
            0.009         26.777      0.0708223            195           4534          36261
            0.009        26.6833      0.0719355            200           4604          36831
            0.009        26.6236       0.070375            282           4508          36032
            0.009         24.635       0.071127            135           4551          36417
            0.009        25.7405      0.0717383            219           4590          36730
            0.009        25.6816       0.072043            142           4614          36886
            0.009        25.7361      0.0722773            134           4627          37006
            0.009         25.628      0.0722109            145           4621          36972
            0.009        27.1399      0.0723535            233           4633          37045
            0.009        24.8922       0.069459            154           4443          35563
            0.009        26.3405      0.0720449            188           4611          36887
            0.009         27.758      0.0738027            228           4724          37787
             0.01        28.3629       0.079209            236           5070          40555
             0.01        29.2195      0.0782539            221           5006          40066
             0.01         29.149      0.0782637            172           5007          40071
             0.01        30.6597       0.081334            250           5207          41643
             0.01        30.6956      0.0803379            297           5141          41133
             0.01        31.2709      0.0811016            275           5193          41524
             0.01        31.8766      0.0817129            223           5233          41837
             0.01        31.9673      0.0792656            292           5074          40584
             0.01        29.9526      0.0807637            211           5172          41351
             0.01        30.4249      0.0795957            291           5095          40753
             0.01        31.5178      0.0808125            253           5170          41376
             0.01        29.7077      0.0788633            261           5053          40378
             0.01        30.9481      0.0803496            318           5145          41139
             0.01        30.6555      0.0785957            374           5028          40241
             0.01        33.4939      0.0801621            338           5133          41043
             0.01        29.5417      0.0801543            294           5130          41039
             0.01         27.676      0.0793164            166           5077          40610
             0.01        29.2395      0.0786621            174           5031          40275
             0.01        29.4292       0.079998            204           5121          40959
             0.01        33.2473      0.0810996            298           5189          41523
            0.011        34.5767      0.0865293            229           5540          44303
