% fname: routing_oddeven__sel_bufferlevel__topology_8x8__.m
% ./noxim -routing oddeven -sel bufferlevel -dimx 8 -dimy 8  -sim 10000 -warmup 2000 -size 8 8 -buffer 2 

function [max_pir, max_throughput, min_delay] = routing_oddeven__sel_bufferlevel__topology_8x8__(symbol)

data = [
%             pir      avg_delay     throughput      max_delay       rpackets         rflits
            0.007        19.4107      0.0554023            146           3545          28366
            0.007        18.8338      0.0565332            110           3617          28945
            0.007        18.2364      0.0558437            111           3575          28592
            0.007        19.1524      0.0567988            123           3634          29081
            0.007        18.5672      0.0553828             91           3547          28356
            0.007        19.1629      0.0559023            147           3579          28622
            0.007        18.5837      0.0554082            154           3548          28369
            0.007        18.4205      0.0562891            101           3603          28820
            0.007        18.5896      0.0568633            101           3638          29114
            0.007        18.6167      0.0554492            143           3548          28390
            0.007        19.0723      0.0567891             94           3637          29076
            0.007        19.5222      0.0570215            140           3650          29195
            0.007        18.7014      0.0554121            113           3543          28371
            0.007        19.1075      0.0578242             96           3702          29606
            0.007        18.3343      0.0566465             83           3622          29003
            0.007        18.7751      0.0555977            179           3561          28466
            0.007        18.7066      0.0565937            106           3620          28976
            0.007        18.7037       0.055168             95           3530          28246
            0.007        18.6686      0.0560918            100           3588          28719
            0.007        18.9869      0.0574824            115           3675          29431
            0.008        20.0936      0.0650918            105           4165          33327
            0.008         20.619       0.064916            115           4155          33237
            0.008        20.3047      0.0627148            152           4011          32110
            0.008        20.7477      0.0640039            134           4098          32770
            0.008        20.7328      0.0655547            161           4199          33564
            0.008        19.5915      0.0630859            114           4039          32300
            0.008         20.477       0.062752            112           4015          32129
            0.008        20.3967      0.0620176            141           3968          31753
            0.008        20.1598      0.0639121            164           4092          32723
            0.008         20.251      0.0644863            170           4127          33017
            0.008        19.5599       0.064043            104           4099          32790
            0.008        20.7291      0.0631152            163           4039          32315
            0.008        20.3724      0.0641387            179           4108          32839
            0.008        20.7929      0.0652812            154           4181          33424
            0.008        19.8339      0.0645625             98           4135          33056
            0.008        20.4604      0.0631387            134           4042          32327
            0.008        20.1704      0.0629141            122           4026          32212
            0.008        20.3022      0.0635762            109           4067          32551
            0.008         20.788      0.0643008            122           4113          32922
            0.008        19.5468       0.063459            101           4062          32491
            0.009        22.2431      0.0721094            177           4616          36920
            0.009        22.6013      0.0697695            172           4465          35722
            0.009        21.8735       0.071543            110           4577          36630
            0.009        22.8757      0.0730391            150           4674          37396
            0.009        22.1204      0.0716484            237           4584          36684
            0.009        22.3668      0.0720859            136           4613          36908
            0.009        21.3934      0.0697109            167           4456          35692
            0.009        22.2038      0.0735371            215           4711          37651
            0.009         22.017      0.0708008            154           4535          36250
            0.009        21.9463      0.0709805            165           4545          36342
            0.009        22.3032      0.0724375            132           4637          37088
            0.009        24.0787      0.0733281            175           4691          37544
            0.009        22.6317      0.0721445            165           4618          36938
            0.009        23.8806      0.0712324            184           4555          36471
            0.009        22.8547      0.0729668            156           4667          37359
            0.009        23.5382      0.0713594            201           4569          36536
            0.009        22.0692       0.072084            143           4611          36907
            0.009        21.7079      0.0703984            136           4505          36044
            0.009        22.1889      0.0709512            153           4541          36327
            0.009        22.9621      0.0720527            142           4612          36891
             0.01        25.5411      0.0796738            173           5097          40793
             0.01        30.6831      0.0799766            339           5119          40948
             0.01        24.1432       0.080666            134           5159          41301
             0.01        24.4848      0.0800254            186           5122          40973
             0.01        24.9906      0.0783496            167           5012          40115
             0.01        25.8867      0.0816367            220           5224          41798
             0.01         28.838      0.0796504            363           5098          40781
             0.01          30.71       0.080248            645           5135          41087
             0.01        24.7242      0.0819023            198           5240          41934
             0.01         25.698      0.0805371            203           5155          41235
             0.01        24.2121      0.0797285            196           5105          40821
             0.01        23.9693      0.0783105            179           5012          40095
             0.01        24.3027      0.0792109            224           5067          40556
             0.01        24.6605      0.0789102            230           5049          40402
             0.01        24.6523      0.0778691            232           4984          39869
             0.01        25.8373      0.0808848            186           5176          41413
             0.01        26.5842      0.0790918            228           5060          40495
             0.01         25.796       0.079373            178           5079          40639
             0.01        27.5842      0.0800898            258           5127          41006
             0.01        25.7557      0.0806914            168           5161          41314
            0.011        37.4935      0.0890547            396           5698          45596
