% fname: routing_oddeven__sel_random__topology_8x8__.m
% ./noxim -routing oddeven -sel random -dimx 8 -dimy 8  -sim 10000 -warmup 2000 -size 8 8 -traffic transpose1 -buffer 4 

function [max_pir, max_throughput, min_delay] = routing_oddeven__sel_random__topology_8x8__(symbol)

data = [
%             pir      avg_delay     throughput      max_delay       rpackets         rflits
            0.008        21.9096      0.0648184            210           4148          33187
            0.008        22.7944      0.0651211            315           4168          33342
            0.008        20.2247      0.0620195            153           3969          31754
            0.008        21.4124      0.0638262            267           4091          32679
            0.008        21.7493      0.0650938            296           4165          33328
            0.008        20.9853      0.0628594            188           4023          32184
            0.008        21.3813      0.0631758            171           4039          32346
            0.008        20.2542      0.0637812            131           4083          32656
            0.008        23.0182      0.0636328            666           4073          32580
            0.008        21.3407      0.0651855            277           4174          33375
            0.008         20.183      0.0630781            191           4039          32296
            0.008        22.2897      0.0643516            243           4118          32948
            0.008        22.5443      0.0668789            239           4277          34242
            0.008        22.2127      0.0651855            203           4171          33375
            0.008         22.151      0.0653984            214           4185          33484
            0.008        20.6961      0.0641484            189           4106          32844
            0.008        20.7214      0.0634375            194           4059          32480
            0.008        21.5342      0.0661699            171           4236          33879
            0.008        20.8399      0.0632715            163           4047          32395
            0.008        21.9457      0.0648145            271           4146          33185
           0.0088        22.9247      0.0723379            503           4632          37037
           0.0088        21.7077      0.0684512            221           4382          35047
           0.0088        23.1373      0.0706797            243           4524          36188
           0.0088        23.9835      0.0711289            243           4555          36418
           0.0088        22.8792      0.0691328            227           4421          35396
           0.0088        22.4611      0.0699785            167           4476          35829
           0.0088        24.7487      0.0714395            253           4572          36577
           0.0088        25.3871      0.0697109            476           4461          35692
           0.0088        23.1157      0.0706445            210           4522          36170
           0.0088        24.5716       0.070832            314           4536          36266
           0.0088          28.92       0.070502            450           4513          36097
           0.0088        23.4043       0.069709            240           4464          35691
           0.0088        24.7938      0.0701035            447           4485          35893
           0.0088        23.2707      0.0713535            227           4566          36533
           0.0088         23.413       0.070793            257           4530          36246
           0.0088         23.447      0.0698672            217           4472          35772
           0.0088        23.2026      0.0690117            195           4418          35334
           0.0088        23.5987      0.0703516            270           4503          36020
           0.0088        24.3866      0.0695664            334           4452          35618
           0.0088        23.3767      0.0706719            300           4521          36184
           0.0096        27.4813      0.0776387            202           4968          39751
           0.0096        27.5038      0.0762617            284           4881          39046
           0.0096        28.9457      0.0762246            640           4882          39027
           0.0096        27.8233      0.0778242            337           4980          39846
           0.0096        29.8737      0.0778652            650           4982          39867
           0.0096        26.1045      0.0782344            301           5005          40056
           0.0096        25.9726      0.0769668            531           4927          39407
           0.0096        29.4446      0.0792129            306           5070          40557
           0.0096        29.4005      0.0763164            580           4886          39074
           0.0096        29.1203      0.0774062            843           4953          39632
           0.0096        25.3522      0.0752773            262           4818          38542
           0.0096        29.7314      0.0765801            569           4900          39209
           0.0096        28.0537      0.0774805            447           4955          39670
           0.0096        27.3938      0.0769238            362           4926          39385
           0.0096        29.7644       0.078377            317           5017          40129
           0.0096        27.6214      0.0777773            336           4976          39822
           0.0096        28.0748      0.0770898            261           4935          39470
           0.0096        29.9795      0.0778809            456           4984          39875
           0.0096        26.1881      0.0769551            461           4923          39401
           0.0096        26.7159      0.0785156            330           5022          40200
           0.0104        36.4533      0.0823066           1322           5272          42141
           0.0104        28.9043      0.0823457            300           5268          42161
           0.0104        31.9456          0.083            482           5312          42496
           0.0104        34.0316      0.0840625            428           5381          43040
           0.0104        34.2258      0.0832715            449           5331          42635
           0.0104        31.8583      0.0818047            377           5237          41884
           0.0104        32.6484      0.0842695            298           5395          43146
           0.0104        36.9157      0.0834082            560           5337          42705
           0.0104        34.3203      0.0844004            509           5404          43213
           0.0104        29.6866      0.0840547            295           5377          43036
           0.0104        32.1289      0.0833867            438           5337          42694
           0.0104        31.8639      0.0835586            837           5348          42782
           0.0104        39.3314      0.0828047            651           5298          42396
           0.0104        31.9856      0.0833359            294           5333          42668
           0.0104        35.1383      0.0850879            367           5446          43565
           0.0104        30.9181      0.0827168            408           5298          42351
           0.0104        31.6557      0.0841719            520           5387          43096
           0.0104        34.2274       0.082457            674           5277          42218
           0.0104         28.875      0.0814102            505           5208          41682
           0.0104        34.2772       0.083123            665           5318          42559
           0.0112        37.5068      0.0905938            746           5799          46384
