% fname: routing_oddeven__sel_nop__topology_8x8__.m
% ./noxim -routing oddeven -sel nop -dimx 8 -dimy 8  -sim 10000 -warmup 2000 -size 8 8 -buffer 2 -traffic transpose1 

function [max_pir, max_throughput, min_delay] = routing_oddeven__sel_nop__topology_8x8__(symbol)

data = [
%             pir      avg_delay     throughput      max_delay       rpackets         rflits
            0.008         18.262      0.0636816            116           4076          32605
            0.008        17.8698       0.063332             98           4056          32426
            0.008        18.2897      0.0642129            125           4108          32877
            0.008        18.2012      0.0636211            180           4075          32574
            0.008         18.207       0.064375            109           4120          32960
            0.008         18.132      0.0634648            192           4061          32494
            0.008        18.2926      0.0633594             98           4057          32440
            0.008        17.9063      0.0637109            103           4077          32620
            0.008        17.5753       0.061959             97           3965          31723
            0.008        17.5372      0.0633633            104           4054          32442
            0.008        17.7455       0.061377            132           3930          31425
            0.008         17.179      0.0639023             84           4089          32718
            0.008        18.1458       0.062752            109           4019          32129
            0.008        17.6169      0.0618418             99           3960          31663
            0.008        18.3602      0.0637363            119           4078          32633
            0.008        18.2345      0.0635977            137           4069          32562
            0.008        17.8647      0.0644609            110           4124          33004
            0.008        17.8188      0.0641992            122           4111          32870
            0.008        18.2698      0.0649102            125           4155          33234
            0.008        18.2984      0.0653477            133           4182          33458
           0.0088        19.1025        0.07075            132           4529          36224
           0.0088        18.7511      0.0692676            114           4435          35465
           0.0088        19.6464      0.0705664            142           4517          36130
           0.0088        20.4228      0.0708516            154           4534          36276
           0.0088        19.2285      0.0702578            107           4494          35972
           0.0088        20.5185      0.0716563            190           4584          36688
           0.0088         18.847      0.0701348            107           4489          35909
           0.0088        18.7225      0.0695313            114           4450          35600
           0.0088        19.2343      0.0697422            137           4464          35708
           0.0088        18.6299       0.069543            108           4450          35606
           0.0088        19.1635      0.0704629            105           4513          36077
           0.0088        18.8088      0.0706777             99           4525          36187
           0.0088        18.2521      0.0702891             90           4499          35988
           0.0088        18.4982      0.0681699            143           4364          34903
           0.0088        19.8412      0.0698652            170           4472          35771
           0.0088        19.7292      0.0706973            106           4528          36197
           0.0088        18.8579      0.0701309            173           4489          35907
           0.0088        19.3384       0.069748            105           4465          35711
           0.0088        19.6103       0.071127            106           4552          36417
           0.0088        19.2977      0.0708789            100           4538          36290
           0.0096        21.4757      0.0767266            152           4913          39284
           0.0096        20.3908      0.0750801            148           4805          38441
           0.0096        20.2635      0.0760996            137           4872          38963
           0.0096        20.3426      0.0760332            114           4866          38929
           0.0096        20.6922      0.0782637            137           5009          40071
           0.0096        20.2928      0.0778945            157           4986          39882
           0.0096        21.2055      0.0781289            225           4998          40002
           0.0096        21.3056         0.0785            123           5026          40192
           0.0096        21.3014      0.0769238            141           4923          39385
           0.0096        20.7857       0.077502            152           4961          39681
           0.0096        20.0199      0.0753984            122           4825          38604
           0.0096        20.5365      0.0770742            179           4930          39462
           0.0096        21.0648      0.0749434            217           4797          38371
           0.0096        21.0952      0.0778262            151           4979          39847
           0.0096        20.0698      0.0746621            136           4772          38227
           0.0096        20.6698      0.0776582            140           4972          39761
           0.0096        20.8554      0.0771621            163           4939          39507
           0.0096        20.6408      0.0770684            139           4936          39459
           0.0096          21.12      0.0780801            145           4998          39977
           0.0096        20.0273      0.0760098            162           4867          38917
           0.0104        23.3172      0.0842676            184           5394          43145
           0.0104        22.5661      0.0822441            163           5264          42109
           0.0104        22.4358       0.081041            208           5188          41493
           0.0104        23.2835      0.0842207            185           5389          43121
           0.0104        24.3214      0.0835195            190           5349          42762
           0.0104        22.2921      0.0834121            168           5338          42707
           0.0104        23.4093      0.0841191            190           5385          43069
           0.0104        23.6155      0.0841191            194           5384          43069
           0.0104        23.6202      0.0836602            206           5353          42834
           0.0104        23.5208      0.0837305            186           5357          42870
           0.0104        23.1007      0.0828418            185           5304          42415
           0.0104        23.9465      0.0835137            195           5342          42759
           0.0104        22.7439      0.0840488            292           5381          43033
           0.0104         22.948      0.0827383            206           5293          42362
           0.0104        22.9809      0.0819375            409           5244          41952
           0.0104        23.2666      0.0848613            293           5432          43449
           0.0104        22.5774      0.0817188            222           5230          41840
           0.0104        23.6022      0.0838066            262           5362          42909
           0.0104        22.7175      0.0841055            188           5385          43062
           0.0104        22.9381      0.0822773            247           5263          42126
           0.0112        26.8096      0.0920703            307           5892          47140
           0.0112        26.7024      0.0894375            707           5720          45792
