% fname: routing_xy__topology_8x8__.m
% ./noxim -routing xy -dimx 8 -dimy 8  -sim 10000 -warmup 2000 -size 8 8 -buffer 2 -traffic transpose1 

function [max_pir, max_throughput, min_delay] = routing_xy__topology_8x8__(symbol)

data = [
%             pir      avg_delay     throughput      max_delay       rpackets         rflits
            0.008        42.1791      0.0643184            916           4116          32931
            0.008        31.9403      0.0646152            551           4136          33083
            0.008        35.1127      0.0638438            641           4083          32688
            0.008        37.9132      0.0651836           1165           4171          33374
            0.008        32.7226      0.0634316            597           4059          32477
            0.008        38.8281       0.064877           1521           4154          33217
            0.008        35.1265      0.0631367            957           4041          32326
            0.008        28.0688      0.0635371            413           4067          32531
            0.008        32.0557       0.063082            457           4037          32298
            0.008        36.4747      0.0644844            961           4127          33016
            0.008        30.3967      0.0645762            691           4132          33063
            0.008        42.6632       0.065502           1469           4193          33537
            0.008        40.6175      0.0645488           1014           4131          33049
            0.008        31.5323      0.0633848            414           4058          32453
            0.008        32.5296      0.0630449            384           4035          32279
            0.008        32.0125       0.064791            600           4147          33173
            0.008        32.3757      0.0649199            495           4155          33239
            0.008        44.9314      0.0646895           1133           4140          33121
            0.008        38.8741      0.0655527            918           4195          33563
            0.008        35.5427       0.064541            434           4131          33045
           0.0088        44.4458      0.0684687           1321           4381          35056
           0.0088        102.888      0.0703496           4051           4502          36019
           0.0088        47.9507      0.0690898            893           4421          35374
           0.0088        49.0439      0.0704668           1702           4511          36079
           0.0088        79.4577      0.0706191           2827           4520          36157
           0.0088        62.9717      0.0706895           1488           4523          36193
           0.0088         64.375      0.0707168           2559           4523          36207
           0.0088        65.1768      0.0697168           2054           4462          35695
           0.0088        70.3974      0.0696777           1694           4461          35675
           0.0088        72.2051      0.0694551           3642           4442          35561
           0.0088        40.5814      0.0694551           1086           4443          35561
           0.0088        67.2912      0.0710547           1809           4550          36380
           0.0088        51.3969       0.071584           1426           4581          36651
           0.0088        47.8553      0.0689844           2162           4415          35320
           0.0088        43.1449      0.0687148           1038           4397          35182
           0.0088        73.8748      0.0688066           3315           4402          35229
           0.0088        114.167      0.0707891           3112           4527          36244
           0.0088        61.2683      0.0696621           1574           4457          35667
           0.0088         74.675      0.0710898           2402           4547          36398
           0.0088        83.4354      0.0717813           3682           4596          36752
           0.0096        112.956      0.0762988           5264           4886          39065
           0.0096        89.2321      0.0745684           3291           4770          38179
           0.0096        115.043      0.0765645           4955           4898          39201
           0.0096        91.8051      0.0756641           3830           4844          38740
           0.0096        129.263      0.0747344           5692           4782          38264
           0.0096          120.4      0.0776562           5343           4970          39760
           0.0096        109.261      0.0768516           3496           4918          39348
           0.0096        100.269      0.0747441           6344           4782          38269
           0.0096        114.613      0.0753926           4471           4827          38601
           0.0096          87.73      0.0751172           4454           4807          38460
           0.0096        127.213       0.075291           4905           4817          38549
           0.0096        99.5214      0.0756348           5409           4839          38725
           0.0096        78.2592      0.0763633           2909           4888          39098
           0.0096        133.616      0.0775625           5367           4966          39712
           0.0096        191.827       0.076332           6775           4887          39082
           0.0096        127.373      0.0756875           5476           4846          38752
           0.0096         87.714      0.0735547           3211           4707          37660
           0.0096        102.862      0.0743145           5989           4756          38049
           0.0096        106.262      0.0755312           4710           4835          38672
           0.0096        92.4476      0.0754395           3616           4828          38625
           0.0104        146.911       0.080373           5917           5145          41151
           0.0104        186.167      0.0820527           5798           5249          42011
           0.0104        141.718       0.081293           6713           5202          41622
           0.0104        177.445      0.0799863           6556           5117          40953
           0.0104        181.083      0.0811113           7808           5190          41529
           0.0104        159.439      0.0813281           6402           5204          41640
           0.0104        178.892      0.0821348           7267           5255          42053
           0.0104        154.967      0.0801543           8122           5130          41039
           0.0104        132.022      0.0822617           7324           5265          42118
           0.0104        139.667      0.0796426           6999           5097          40777
           0.0104        145.327      0.0800879           5209           5127          41005
           0.0104        159.374      0.0798477           7035           5111          40882
           0.0104        140.167      0.0807539           5912           5167          41346
           0.0104        186.663      0.0798555           6978           5111          40886
           0.0104        194.816      0.0813145           7295           5204          41633
           0.0104        189.437      0.0810781           6958           5191          41512
           0.0104        145.361      0.0802266           7080           5137          41076
           0.0104        128.552       0.082291           5130           5267          42133
           0.0104        167.065      0.0785645           7700           5030          40225
           0.0104        171.628      0.0800215           8359           5122          40971
           0.0112        197.235      0.0827285           7491           5296          42357
           0.0112        188.582      0.0845078           6927           5407          43268
