% fname: routing_oddeven__sel_random__topology_8x8__.m
% ./noxim -routing oddeven -sel random -dimx 8 -dimy 8  -sim 10000 -warmup 2000 -size 8 8 -buffer 2 -traffic transpose1 

function [max_pir, max_throughput, min_delay] = routing_oddeven__sel_random__topology_8x8__(symbol)

data = [
%             pir      avg_delay     throughput      max_delay       rpackets         rflits
            0.008        20.9003      0.0633555            197           4054          32438
            0.008        21.5109      0.0634941            325           4067          32509
            0.008        20.7365      0.0646875            167           4140          33120
            0.008        20.5398      0.0622402            156           3983          31867
            0.008        20.2628      0.0645039            238           4128          33026
            0.008        22.4032      0.0634648            240           4063          32494
            0.008        20.8752      0.0646738            159           4142          33113
            0.008        20.8764       0.063834            147           4085          32683
            0.008        20.8264      0.0638145            151           4083          32673
            0.008        20.5079      0.0633965            148           4060          32459
            0.008        22.5568      0.0635117            380           4064          32518
            0.008        21.2435      0.0638848            147           4087          32709
            0.008        21.7866      0.0650215            197           4157          33291
            0.008        21.1646      0.0639355            230           4089          32735
            0.008        21.3534      0.0654277            174           4188          33499
            0.008        20.4301      0.0629082            179           4027          32209
            0.008        21.1205      0.0646953            195           4142          33124
            0.008        21.2928      0.0644512            229           4126          32999
            0.008        21.7664      0.0649355            190           4156          33247
            0.008        21.0024      0.0641035            195           4100          32821
           0.0088        26.1692      0.0718066            386           4597          36765
           0.0088        23.8171       0.070375            194           4506          36032
           0.0088        23.2907      0.0714004            207           4571          36557
           0.0088        25.0608       0.070875            242           4537          36288
           0.0088         25.034       0.071209            416           4560          36459
           0.0088        23.4783      0.0716602            228           4585          36690
           0.0088        23.3217      0.0687266            286           4399          35188
           0.0088        24.1771       0.069125            301           4428          35392
           0.0088        22.8969      0.0701055            190           4492          35894
           0.0088        26.2743      0.0715918            363           4579          36655
           0.0088         22.973      0.0694414            303           4443          35554
           0.0088        22.6535      0.0687109            216           4401          35180
           0.0088        24.1118      0.0711504            191           4551          36429
           0.0088        23.9086      0.0707656            347           4528          36232
           0.0088        22.8286      0.0707832            196           4532          36241
           0.0088        21.7737      0.0711484            262           4555          36428
           0.0088        24.9057      0.0705566            530           4518          36125
           0.0088        23.5971      0.0688926            211           4408          35273
           0.0088        24.1506      0.0715781            256           4582          36648
           0.0088        26.3963       0.070166            352           4492          35925
           0.0096        30.9642      0.0784102            435           5021          40146
           0.0096         26.277      0.0769395            290           4928          39393
           0.0096        26.3151      0.0755273            328           4836          38670
           0.0096        31.5914      0.0799668            811           5117          40943
           0.0096        26.4004       0.076873            742           4920          39359
           0.0096        27.1972      0.0771973            378           4939          39525
           0.0096        24.5498      0.0759961            278           4864          38910
           0.0096        25.8736      0.0759453            182           4859          38884
           0.0096        25.7219      0.0773281            335           4947          39592
           0.0096        26.7381      0.0761016            195           4872          38964
           0.0096        27.3582      0.0766914            366           4913          39266
           0.0096        27.5261      0.0770898            334           4934          39470
           0.0096        26.2281      0.0770586            315           4932          39454
           0.0096        27.2706      0.0756133            331           4841          38714
           0.0096        26.3296       0.076291            345           4881          39061
           0.0096        25.8318      0.0744453            352           4763          38116
           0.0096        25.9136       0.076041            339           4862          38933
           0.0096        29.3255      0.0758945            780           4860          38858
           0.0096         25.844      0.0748535            276           4794          38325
           0.0096         25.621      0.0750938            279           4802          38448
           0.0104           31.8      0.0821523            724           5255          42062
           0.0104        42.1442      0.0855273           1163           5472          43790
           0.0104        39.0677      0.0842266           1425           5394          43124
           0.0104        32.4028      0.0827402            345           5298          42363
           0.0104        30.6504      0.0827148            343           5298          42350
           0.0104        33.4441      0.0846523            489           5416          43342
           0.0104        41.2386       0.084084           1286           5377          43051
           0.0104         31.371      0.0848828            503           5429          43460
           0.0104        30.4276      0.0834336            417           5337          42718
           0.0104        31.7123      0.0845566            366           5409          43293
           0.0104        34.7696      0.0830781            457           5316          42536
           0.0104        29.3665        0.08425            246           5391          43136
           0.0104        31.9556      0.0832969            345           5333          42648
           0.0104        31.1914         0.0845            600           5412          43264
           0.0104        38.1116      0.0854277            467           5467          43739
           0.0104        32.9115      0.0838105            355           5366          42911
           0.0104        33.9233      0.0837344            590           5358          42872
           0.0104        30.0548      0.0855254            380           5475          43789
           0.0104        30.2062      0.0823516            397           5272          42164
           0.0104        30.2655      0.0842344            370           5389          43128
           0.0112        43.2098      0.0902598            710           5777          46213
