% fname: routing_dyad_0_6__sel_bufferlevel__topology_8x8__.m
% ./noxim -routing dyad 0.6 -sel bufferlevel -dimx 8 -dimy 8  -sim 10000 -warmup 2000 -size 8 8 -buffer 2 -traffic transpose1 

function [max_pir, max_throughput, min_delay] = routing_dyad_0_6__sel_bufferlevel__topology_8x8__(symbol)

data = [
%             pir      avg_delay     throughput      max_delay       rpackets         rflits
            0.008        27.3852       0.065166            259           4169          33365
            0.008        25.3617       0.064041            237           4100          32789
            0.008        24.2848      0.0637734            162           4083          32652
            0.008        24.2097      0.0635977            159           4068          32562
            0.008        26.0708      0.0663613            250           4249          33977
            0.008        25.6813      0.0655801            158           4198          33577
            0.008        25.1646      0.0653887            154           4186          33479
            0.008        24.5854      0.0629453            165           4030          32228
            0.008         24.976      0.0638828            162           4086          32708
            0.008         25.125      0.0651309            222           4167          33347
            0.008        25.1154       0.064209            232           4108          32875
            0.008        24.4423      0.0637891            198           4083          32660
            0.008        24.3627      0.0641465            179           4103          32843
            0.008        25.4738      0.0643945            202           4122          32970
            0.008        24.3671      0.0629512            196           4032          32231
            0.008        25.2685      0.0640117            201           4101          32774
            0.008        24.3499      0.0633535            160           4058          32437
            0.008        25.1903      0.0652754            167           4178          33421
            0.008        24.7776      0.0655781            195           4196          33576
            0.008        24.0737      0.0646348            160           4136          33093
           0.0088        28.1261      0.0712305            255           4560          36470
           0.0088        28.0781      0.0704082            318           4509          36049
           0.0088        27.0876      0.0699453            205           4475          35812
           0.0088        28.0256      0.0689102            234           4413          35282
           0.0088        29.9298      0.0712441            286           4559          36477
           0.0088        27.8786      0.0710234            307           4548          36364
           0.0088        29.5954      0.0721543            264           4617          36943
           0.0088        29.5012      0.0709121            315           4541          36307
           0.0088        26.7043      0.0694902            316           4447          35579
           0.0088        27.8351      0.0711211            201           4555          36414
           0.0088        27.4461      0.0701875            246           4490          35936
           0.0088        27.4529      0.0708145            205           4535          36257
           0.0088        28.7096      0.0712676            269           4560          36489
           0.0088        27.5207      0.0712754            200           4559          36493
           0.0088        27.3824       0.070582            219           4519          36138
           0.0088        26.2996      0.0685762            224           4393          35111
           0.0088        27.2134      0.0713711            214           4569          36542
           0.0088        27.0013      0.0694863            264           4445          35577
           0.0088        28.1796      0.0717559            278           4594          36739
           0.0088        29.0708      0.0710977            293           4550          36402
           0.0096        29.9574      0.0762305            231           4883          39030
           0.0096        30.5444      0.0774746            298           4961          39667
           0.0096         30.601      0.0786289            237           5030          40258
           0.0096         30.355      0.0754648            305           4828          38638
           0.0096        28.3485      0.0763359            256           4887          39084
           0.0096        31.6689      0.0774902            275           4962          39675
           0.0096        30.7052      0.0760215            437           4865          38923
           0.0096        31.6167      0.0777559            387           4975          39811
           0.0096         29.934      0.0779023            214           4987          39886
           0.0096        30.0485       0.077582            268           4964          39722
           0.0096        31.1687      0.0772031            252           4938          39528
           0.0096        28.8892      0.0767715            224           4910          39307
           0.0096        30.7287      0.0759062            298           4854          38864
           0.0096         30.129      0.0769355            280           4923          39391
           0.0096        30.0795      0.0772383            254           4943          39546
           0.0096        30.1668      0.0754727            333           4831          38642
           0.0096        30.9159      0.0762715            330           4885          39051
           0.0096        31.2465      0.0774492            329           4957          39654
           0.0096        31.1569      0.0776328            244           4970          39748
           0.0096        31.3993      0.0774316            416           4959          39645
           0.0104        36.5862      0.0842148            356           5389          43118
           0.0104        31.5463      0.0800605            264           5124          40991
           0.0104        34.5706      0.0819199            318           5240          41943
           0.0104        35.6237      0.0822676            312           5264          42121
           0.0104        35.0328      0.0833008            330           5331          42650
           0.0104        36.5799      0.0848691            451           5434          43453
           0.0104        33.0048      0.0821582            345           5258          42065
           0.0104        42.7572      0.0837402            621           5359          42875
           0.0104         35.108      0.0829551            335           5308          42473
           0.0104        33.3734       0.082248            293           5262          42111
           0.0104        32.9438      0.0825957            287           5284          42289
           0.0104        34.7874       0.082709            322           5292          42347
           0.0104        34.8572      0.0829707            433           5309          42481
           0.0104        34.5111      0.0839102            350           5369          42962
           0.0104        35.3835      0.0832832            444           5327          42641
           0.0104        32.4808       0.081707            305           5227          41834
           0.0104        38.8737      0.0836211            508           5352          42814
           0.0104         32.405      0.0823359            417           5271          42156
           0.0104        32.6467       0.082373            317           5271          42175
           0.0104        34.1563      0.0835059            330           5343          42755
           0.0112        39.7561      0.0888242            500           5686          45478
