% fname: routing_xy__topology_8x8__.m
% ./noxim -routing xy -dimx 8 -dimy 8  -sim 10000 -warmup 2000 -size 8 8 -buffer 8 -hs 6 0.2 -hs 7 0.2 -hs 14 0.2 -hs 15 0.2 

function [max_pir, max_throughput, min_delay] = routing_xy__topology_8x8__(symbol)

data = [
%             pir      avg_delay     throughput      max_delay       rpackets         rflits
           0.0018        23.9766       0.015178            230            897           7164
           0.0018         24.703      0.0153402            147            936           7486
           0.0018        21.6942       0.013871            144            873           6991
           0.0018        25.7207       0.014619            176            920           7368
           0.0018        24.8094      0.0144617            213            897           7173
           0.0018        28.6693       0.015834            221           1013           8107
           0.0018        22.7226      0.0147823             92            858           6859
           0.0018        24.1779      0.0142969            121            916           7320
           0.0018         24.292       0.015175            169            911           7284
           0.0018         25.979      0.0151111            282            952           7616
           0.0018        27.5393      0.0155827            163            966           7729
           0.0018        24.8659      0.0149344            123            910           7288
           0.0018        23.9339      0.0148896            113            893           7147
           0.0018        27.9532      0.0151928            272            897           7171
           0.0018        25.1359      0.0154226            172            971           7773
           0.0018        23.7008       0.014582             91            889           7116
           0.0018        22.1866      0.0137227            111            879           7026
           0.0018        24.0674      0.0148433            146            935           7481
           0.0018        25.3053      0.0153226            210            950           7600
           0.0018        24.5813      0.0144199            140            922           7383
           0.0019        24.2192      0.0150307            158            917           7335
           0.0019        25.5823      0.0153633            155            984           7866
           0.0019        28.9486      0.0163671            162           1031           8249
           0.0019        25.5295       0.015293            186            933           7463
           0.0019         26.603      0.0156914            151           1005           8034
           0.0019        24.0901      0.0150879            168            966           7725
           0.0019        26.5602      0.0154127            127            971           7768
           0.0019        23.6611      0.0159333            104            956           7648
           0.0019        24.5256      0.0151391            169            938           7509
           0.0019        24.8418      0.0160594            256            980           7837
           0.0019        26.9395      0.0157254            249            959           7674
           0.0019        24.2513      0.0160875            150            967           7722
           0.0019         33.044      0.0161431            509           1001           8007
           0.0019        25.8041      0.0161708            129            970           7762
           0.0019        28.6834      0.0163668            130            998           7987
           0.0019        24.9507      0.0166107            204           1014           8106
           0.0019        23.5545      0.0159365            162            972           7777
           0.0019        26.3347      0.0156777            174           1004           8027
           0.0019        28.4866      0.0159802            256           1007           8054
           0.0019        24.8196      0.0165496            169            959           7679
            0.002        27.1206      0.0166052            306           1045           8369
            0.002        24.9016      0.0159229            181            955           7643
            0.002         28.416          0.017            175           1036           8296
            0.002        28.7916      0.0170437            149           1022           8181
            0.002        28.0847      0.0165444            245           1027           8206
            0.002        28.1916      0.0169153            344           1049           8390
            0.002         28.355      0.0161492            208           1000           8010
            0.002        28.7888       0.016748            179           1056           8441
            0.002        27.2486      0.0167599            210           1058           8447
            0.002        24.3632      0.0157798            169            994           7953
            0.002        27.2478      0.0165328            231           1009           8068
            0.002        27.9877      0.0165527            196           1060           8475
            0.002         31.873      0.0159863            238           1024           8185
            0.002        26.0804      0.0168649            132           1045           8365
            0.002        25.5133      0.0170363            199           1056           8450
            0.002        27.4332      0.0170729            205           1025           8195
            0.002        29.6082       0.017025            219           1021           8172
            0.002        27.1873      0.0167137            260           1036           8290
            0.002        29.5639      0.0162461            282           1041           8318
            0.002        31.9872      0.0159375            629           1017           8160
           0.0021        32.3477      0.0169921            240           1070           8564
           0.0021        25.4781      0.0167667            129           1006           8048
           0.0021        29.8461      0.0172923            299           1072           8577
           0.0021        30.2368      0.0180278            173           1136           9086
           0.0021        25.7038       0.016668            195           1067           8534
           0.0021        24.2749      0.0160371            138           1026           8211
           0.0021        27.8279      0.0177131            202           1081           8644
           0.0021        27.3542      0.0169683            161           1070           8552
           0.0021        24.1945      0.0169093            192           1049           8387
           0.0021        28.3202      0.0176391            234           1093           8749
           0.0021         31.324      0.0175516            204           1105           8846
           0.0021        28.3649      0.0168164            232           1077           8610
           0.0021        26.8242      0.0176352            139           1075           8606
           0.0021         29.484      0.0171333            253           1029           8224
           0.0021        30.2544      0.0175328            193           1069           8556
           0.0021        37.2763      0.0179262            326           1093           8748
           0.0021        26.3507      0.0160922            165            981           7853
           0.0021        31.5962      0.0166465            385           1065           8523
           0.0021        28.1762      0.0171934            133           1101           8803
           0.0021         24.837      0.0169214            103           1049           8393
           0.0022        34.3765      0.0182031            443           1166           9320
           0.0022        29.5862      0.0170278            250           1073           8582
