% fname: routing_dyad_0_6__sel_bufferlevel__topology_8x8__.m
% ./noxim -routing dyad 0.6 -sel bufferlevel -dimx 8 -dimy 8  -sim 10000 -warmup 2000 -size 8 8 -buffer 8 -hs 6 0.2 -hs 7 0.2 -hs 14 0.2 -hs 15 0.2 

function [max_pir, max_throughput, min_delay] = routing_dyad_0_6__sel_bufferlevel__topology_8x8__(symbol)

data = [
%             pir      avg_delay     throughput      max_delay       rpackets         rflits
           0.0018        22.2355      0.0146947            112            896           7171
           0.0018        22.9736      0.0156703            135            908           7271
           0.0018        23.4629      0.0151944            122            957           7658
           0.0018        23.7683      0.0147681            187            915           7325
           0.0018        21.1944      0.0149539             88            854           6819
           0.0018        22.3502      0.0152303            100            868           6945
           0.0018        22.1316      0.0149508            120            912           7296
           0.0018        25.4401      0.0151271            174            893           7140
           0.0018        22.5843      0.0143889            160            907           7252
           0.0018        22.4321       0.014748            112            928           7433
           0.0018        22.6993      0.0146472            101            908           7265
           0.0018        22.2543      0.0155805            144            920           7354
           0.0018        23.9039      0.0141523            181            905           7246
           0.0018         22.615      0.0153729            134            922           7379
           0.0018        23.8902      0.0143789            140            920           7362
           0.0018        22.6033      0.0153437            103            920           7365
           0.0018        24.8295      0.0148852            198            909           7264
           0.0018        22.1057      0.0151479            103            908           7271
           0.0018          23.52      0.0154062            117            925           7395
           0.0018        23.4747      0.0145861            119            889           7118
           0.0019         23.464      0.0152083            113            959           7665
           0.0019          24.96      0.0156956            217            975           7785
           0.0019        23.8101       0.015127            151            953           7624
           0.0019        26.2941      0.0169857            165           1037           8289
           0.0019        23.3017      0.0157008            155            958           7662
           0.0019         22.078      0.0150137             92            961           7687
           0.0019        23.7222      0.0160348            144            979           7825
           0.0019        22.6558      0.0150298            113            947           7575
           0.0019        24.6223       0.015873            216            969           7746
           0.0019        23.4143      0.0156066            236            951           7616
           0.0019        23.9315      0.0159609            143           1022           8172
           0.0019        24.6111      0.0156578            157            954           7641
           0.0019        21.8833      0.0148457             99            951           7601
           0.0019        23.6486      0.0152619            134            962           7692
           0.0019        25.1056      0.0163246            162           1013           8097
           0.0019        23.5465      0.0160907            136            999           7981
           0.0019        23.7693      0.0157271            136            945           7549
           0.0019        24.7001      0.0167958            184           1007           8062
           0.0019        25.8337      0.0159863            136           1022           8185
           0.0019        20.9558      0.0143571            106            905           7236
            0.002         25.348      0.0158185            148            980           7846
            0.002        24.4959       0.016123            133            984           7868
            0.002        25.0703      0.0162599            163           1024           8195
            0.002        26.8386      0.0162832            157           1041           8337
            0.002         27.834      0.0155423            299            964           7709
            0.002        25.4986      0.0169426            131           1035           8268
            0.002        24.6254      0.0172167            193           1033           8264
            0.002        26.2246      0.0172889            130           1055           8437
            0.002        25.3581      0.0160556            125           1011           8092
            0.002        26.2637      0.0159073            181            986           7890
            0.002        27.5784      0.0172875            238           1039           8298
            0.002        25.9029      0.0177349            160           1030           8229
            0.002        23.8948      0.0156074            152            998           7991
            0.002        25.6119      0.0152324            134            974           7799
            0.002         26.575      0.0169226            148           1066           8529
            0.002        23.1162      0.0158353            121            998           7981
            0.002        22.9882      0.0172945            115           1020           8163
            0.002        26.0905      0.0163036            130           1028           8217
            0.002        25.7604      0.0166034            159            964           7704
            0.002        27.1491      0.0161639            174            986           7888
           0.0021         26.935      0.0171169            160           1061           8490
           0.0021        24.3964      0.0171391            151           1062           8501
           0.0021        26.0364      0.0178813            125           1072           8583
           0.0021        26.4111      0.0170717            187           1041           8331
           0.0021        26.3806      0.0180792            150           1085           8678
           0.0021        26.8843       0.016875            365           1080           8640
           0.0021        26.0855      0.0178413            139           1123           8992
           0.0021        25.6379      0.0165655            135           1044           8349
           0.0021        27.5568      0.0170278            244           1074           8582
           0.0021          24.87      0.0169919            162           1054           8428
           0.0021        25.5373      0.0184004            214           1085           8685
           0.0021        24.1221      0.0171742            152           1048           8381
           0.0021        26.3631      0.0178891            152           1110           8873
           0.0021        26.9527      0.0164286            218           1035           8280
           0.0021         28.516      0.0168234            246           1060           8479
           0.0021        31.1577      0.0179147            306           1129           9029
           0.0021        25.0152      0.0164414            138           1053           8418
           0.0021        29.6364      0.0172246            171           1103           8819
           0.0021        25.5339      0.0173066            142           1107           8861
           0.0021         25.375       0.017957            141           1096           8763
           0.0022        29.5813      0.0184315            203           1144           9142
