% fname: routing_oddeven__sel_random__topology_8x8__.m
% ./noxim -routing oddeven -sel random -dimx 8 -dimy 8  -sim 10000 -warmup 2000 -size 8 8 -buffer 4 

function [max_pir, max_throughput, min_delay] = routing_oddeven__sel_random__topology_8x8__(symbol)

data = [
%             pir      avg_delay     throughput      max_delay       rpackets         rflits
             0.01        24.1791      0.0786816            201           5036          40285
             0.01        23.5773       0.079332            151           5079          40618
             0.01         24.044      0.0799004            140           5115          40909
             0.01        24.7289      0.0806504            168           5164          41293
             0.01        23.6269      0.0761543            197           4873          38991
             0.01        24.2219      0.0816777            171           5227          41819
             0.01        24.9034      0.0802676            194           5134          41097
             0.01         25.085      0.0808691            189           5175          41405
             0.01        24.8077      0.0793535            131           5075          40629
             0.01        24.6369       0.079209            194           5070          40555
             0.01        27.6509      0.0804375            348           5148          41184
             0.01        25.0501      0.0820996            159           5254          42035
             0.01        23.6898       0.078916            147           5051          40405
             0.01        23.8877      0.0807168            142           5165          41327
             0.01        24.5828      0.0796641            202           5098          40788
             0.01        24.2268      0.0805039            175           5149          41218
             0.01        24.6731      0.0809902            176           5182          41467
             0.01        25.2413       0.079832            244           5109          40874
             0.01         25.367      0.0821426            186           5259          42057
             0.01        24.5763      0.0798984            143           5115          40908
           0.0105        25.1542      0.0837813            163           5362          42896
           0.0105        25.8551      0.0847031            218           5424          43368
           0.0105        27.9958      0.0861855            223           5520          44127
           0.0105        25.5484      0.0826738            191           5294          42329
           0.0105        26.7057      0.0846484            176           5419          43340
           0.0105        24.8746      0.0836523            150           5357          42830
           0.0105        25.9388      0.0850801            163           5445          43561
           0.0105        25.0482      0.0842539            155           5391          43138
           0.0105         25.827      0.0843242            151           5400          43174
           0.0105        26.2612      0.0837324            200           5359          42871
           0.0105        25.4752      0.0844434            167           5404          43235
           0.0105        25.5463      0.0844082            130           5404          43217
           0.0105        25.0837       0.084457            113           5403          43242
           0.0105        25.2652      0.0842891            166           5395          43156
           0.0105        25.9466      0.0848164            185           5428          43426
           0.0105        25.9421      0.0833887            170           5338          42695
           0.0105        25.8835      0.0845059            232           5409          43267
           0.0105        25.2039      0.0826426            246           5286          42313
           0.0105        25.3819      0.0838301            146           5365          42921
           0.0105         24.825      0.0842695            188           5395          43146
            0.011        30.6003      0.0923262            328           5907          47271
            0.011        26.5326      0.0880469            147           5637          45080
            0.011        26.3123      0.0879258            169           5626          45018
            0.011        27.5413      0.0890488            201           5699          45593
            0.011        28.4159      0.0879551            277           5629          45033
            0.011        28.0686      0.0881016            209           5638          45108
            0.011        27.9276      0.0885742            211           5666          45350
            0.011        26.4148       0.089127            161           5702          45633
            0.011        26.6547      0.0864453            177           5532          44260
            0.011        27.2314       0.088832            175           5686          45482
            0.011        26.5384      0.0882363            139           5646          45177
            0.011        26.0562      0.0868652            191           5556          44475
            0.011        27.5522      0.0895723            153           5733          45861
            0.011        27.5248      0.0867051            222           5543          44393
            0.011        28.3131      0.0884824            367           5662          45303
            0.011        27.4461      0.0901543            214           5768          46159
            0.011        26.9132      0.0867539            288           5551          44418
            0.011        27.4689      0.0864824            194           5538          44279
            0.011        27.2587       0.088168            173           5644          45142
            0.011        26.6356      0.0869121            136           5562          44499
           0.0115        27.2111      0.0907383            222           5808          46458
           0.0115        29.2963        0.09275            201           5934          47488
           0.0115        28.3486      0.0928965            188           5943          47563
           0.0115        29.4018       0.090918            172           5816          46550
           0.0115        28.6942      0.0917031            151           5869          46952
           0.0115        29.0528      0.0943965            170           6041          48331
           0.0115        28.9372      0.0931309            174           5958          47683
           0.0115        28.5672      0.0914844            177           5857          46840
           0.0115        31.3222      0.0924531            234           5919          47336
           0.0115        29.1327      0.0931016            240           5960          47668
           0.0115        53.5164      0.0923008            812           5912          47258
           0.0115        30.8636      0.0900273            383           5757          46094
           0.0115        29.9363      0.0925176            246           5921          47369
           0.0115        27.7217      0.0927012            204           5936          47463
           0.0115        33.7543      0.0926348            456           5929          47429
           0.0115        30.6012       0.091875            264           5878          47040
           0.0115        30.7224      0.0922285            474           5905          47221
           0.0115        30.1437      0.0903086            304           5784          46238
           0.0115        29.8059      0.0934336            219           5980          47838
           0.0115        31.5032      0.0920957            275           5896          47153
            0.012        29.9561      0.0952852            204           6100          48786
            0.012        31.7403      0.0957871            278           6131          49043
