% fname: routing_oddeven__sel_nop__topology_8x8__.m
% ./noxim -routing oddeven -sel nop -dimx 8 -dimy 8  -sim 10000 -warmup 2000 -size 8 8 -buffer 2 -hs 27 0.2 -hs 28 0.2 -hs 35 0.2 -hs 36 0.2 

function [max_pir, max_throughput, min_delay] = routing_oddeven__sel_nop__topology_8x8__(symbol)

data = [
%             pir      avg_delay     throughput      max_delay       rpackets         rflits
           0.0018        16.9662      0.0143145             94            887           7100
           0.0018        15.3937      0.0153387             74            950           7608
           0.0018        16.6992      0.0150723            120            964           7717
           0.0018        15.5895      0.0149729             76            899           7187
           0.0018        16.4184      0.0148458            108            889           7126
           0.0018        14.6179      0.0147021            113            882           7057
           0.0018        16.7476      0.0153437            126            919           7365
           0.0018        16.7276      0.0154335            104            958           7655
           0.0018        16.1101      0.0146371             85            908           7260
           0.0018        15.5934       0.015153             95            878           7031
           0.0018        15.7387      0.0154938             80            930           7437
           0.0018        16.4731      0.0150635             89            949           7592
           0.0018        17.7089      0.0152897            103            962           7706
           0.0018        16.5115      0.0155297             79            917           7330
           0.0018        17.3306      0.0161375            129            968           7746
           0.0018        17.6769      0.0154242            172            941           7527
           0.0018        16.0725      0.0142361             88            897           7175
           0.0018        15.6543      0.0148347             71            920           7358
           0.0018        17.1234      0.0164833            104            989           7912
           0.0018        17.4551       0.014697            109            868           6937
            0.002        17.5054      0.0164032            116           1017           8136
            0.002        17.4688      0.0173206            120           1075           8591
            0.002        19.4348      0.0165685            145           1028           8218
            0.002        16.7108       0.017131            106           1079           8634
            0.002         16.975      0.0162617             79           1041           8326
            0.002        18.0685      0.0157559            186           1008           8067
            0.002        17.0058      0.0164464            140           1035           8289
            0.002        18.1396      0.0163931            161           1017           8131
            0.002        15.8098      0.0161774             74           1004           8024
            0.002        16.8626      0.0162956            178           1026           8213
            0.002        19.0987      0.0171984            131           1084           8668
            0.002        17.3609      0.0160922             86            981           7853
            0.002        15.9344      0.0162103             75           1022           8170
            0.002        17.0157      0.0172055             86           1016           8121
            0.002        18.0302       0.017084            114           1091           8747
            0.002        17.7863      0.0177418            146           1081           8658
            0.002        16.6273      0.0157117            143            974           7793
            0.002        19.0943         0.0177            154           1061           8496
            0.002         16.057      0.0163937             72            982           7869
            0.002        16.8084      0.0153004            144            950           7589
           0.0022        19.5647      0.0181885            104           1144           9167
           0.0022        17.5356      0.0182708             79           1096           8770
           0.0022        18.3611      0.0190202            128           1177           9434
           0.0022        16.8895      0.0175371            153           1122           8979
           0.0022        20.4957      0.0184722            112           1164           9310
           0.0022        18.0491      0.0171738            152           1100           8793
           0.0022        20.9454       0.018621            134           1172           9385
           0.0022        21.0497      0.0188347            118           1167           9342
           0.0022        18.6939      0.0178849             94           1127           9014
           0.0022        18.8285      0.0182854            119           1096           8777
           0.0022        18.0666      0.0173477            104           1111           8882
           0.0022        19.1538       0.018375            174           1157           9261
           0.0022        19.6039       0.017668            143           1131           9046
           0.0022        20.4376      0.0175449            142           1122           8983
           0.0022        17.8895      0.0185205             87           1131           9038
           0.0022        16.8215       0.017873             79           1109           8865
           0.0022        19.5063      0.0189449            114           1116           8942
           0.0022        17.7816      0.0184004            102           1177           9421
           0.0022        20.3596      0.0186445            144           1193           9546
           0.0022        19.3321      0.0175813            245           1108           8861
           0.0024        20.6571      0.0188591            154           1187           9505
           0.0024        18.8349      0.0197937            107           1248           9976
           0.0024        23.9306      0.0206934            231           1326          10595
           0.0024        18.3397      0.0190079            117           1198           9580
           0.0024        21.5584      0.0196699            209           1259          10071
           0.0024        22.8192      0.0194637            251           1206           9654
           0.0024        19.5892      0.0196431            116           1217           9743
           0.0024        18.9019      0.0183016            311           1152           9224
           0.0024        20.1204      0.0198535            162           1271          10165
           0.0024        19.0559      0.0187383            129           1199           9594
           0.0024         19.653      0.0189883            123           1216           9722
           0.0024        18.9268      0.0196406            166           1257          10056
           0.0024        21.3553      0.0188036            135           1185           9477
           0.0024        21.4944       0.020129            276           1248           9984
           0.0024        21.2844      0.0191523            164           1227           9806
           0.0024        18.8211      0.0192163            110           1213           9685
           0.0024        21.6378         0.0195            154           1248           9984
           0.0024        20.1926      0.0192123            160           1210           9683
           0.0024        20.7389      0.0197004            132           1241           9929
           0.0024        20.8589      0.0193633            204           1240           9914
           0.0026        21.2286       0.021877            208           1378          11026
