% fname: routing_oddeven__sel_nop__topology_8x8__.m
% ./noxim -routing oddeven -sel nop -dimx 8 -dimy 8  -sim 10000 -warmup 2000 -size 8 8 -buffer 8 -traffic transpose1 

function [max_pir, max_throughput, min_delay] = routing_oddeven__sel_nop__topology_8x8__(symbol)

data = [
%             pir      avg_delay     throughput      max_delay       rpackets         rflits
            0.007         16.716      0.0561777             76           3595          28763
            0.007        16.5228      0.0563145             92           3604          28833
            0.007        16.8974      0.0561992            130           3597          28774
            0.007        16.5744      0.0547871             76           3506          28051
            0.007         16.995      0.0564668            109           3618          28911
            0.007        16.8659      0.0566426             94           3624          29001
            0.007        16.7502       0.055502            100           3551          28417
            0.007        16.7397      0.0546348             99           3496          27973
            0.007        16.9709      0.0580527            119           3716          29723
            0.007         17.136      0.0584785             95           3743          29941
            0.007        16.5393      0.0555977             80           3560          28466
            0.007        17.3381        0.05775             93           3697          29568
            0.007         16.883      0.0566152             90           3624          28987
            0.007        17.2735      0.0563301            112           3605          28841
            0.007         16.243      0.0536406             83           3432          27464
            0.007        16.9651      0.0550879             97           3525          28205
            0.007        17.3167      0.0564258            101           3612          28890
            0.007        16.7611      0.0549473             92           3516          28133
            0.007        16.6002      0.0564785             75           3614          28917
            0.007        16.8031       0.055248             91           3534          28287
            0.008        17.1821       0.063043            106           4037          32278
            0.008        17.8378      0.0657051             91           4205          33641
            0.008        18.0803      0.0649746            108           4161          33267
            0.008        17.9213       0.063498             99           4066          32511
            0.008        18.2498      0.0651836            101           4172          33374
            0.008        17.6909      0.0635117             86           4064          32518
            0.008        17.7037      0.0647578             89           4144          33156
            0.008        17.9534       0.063334            118           4055          32427
            0.008        17.4557      0.0641055             78           4099          32822
            0.008        17.8157      0.0644395             82           4123          32993
            0.008        17.5498      0.0644023             94           4120          32974
            0.008        17.5171      0.0637812             91           4086          32656
            0.008        17.8228      0.0638828             91           4086          32708
            0.008        17.4353      0.0644492             92           4124          32998
            0.008        17.3402      0.0641133             92           4103          32826
            0.008        18.0392      0.0636953            123           4077          32612
            0.008        18.3605      0.0636191            107           4072          32573
            0.008        17.4693      0.0624297            108           3995          31964
            0.008        18.0281      0.0656699            137           4200          33623
            0.008        17.8879      0.0631465            111           4042          32331
            0.009        19.4066      0.0712285            133           4560          36469
            0.009        19.3959      0.0726074            168           4648          37175
            0.009        19.1627      0.0741094            143           4744          37944
            0.009        19.0171      0.0711738            139           4552          36441
            0.009        18.8847      0.0706387            111           4520          36167
            0.009        18.8577      0.0703848            105           4504          36037
            0.009        19.2341      0.0736816            136           4716          37725
            0.009        18.9151      0.0719473            125           4603          36837
            0.009         18.632      0.0718418            118           4600          36783
            0.009         19.346       0.074168            126           4748          37974
            0.009         19.644      0.0734648            131           4705          37614
            0.009        18.8969      0.0718789            116           4599          36802
            0.009        19.1817      0.0720195            135           4612          36874
            0.009        19.2702       0.072502            123           4641          37121
            0.009        19.7935      0.0720059            156           4606          36867
            0.009        19.5525      0.0726152            132           4650          37179
            0.009         19.518       0.071584             98           4583          36651
            0.009        19.3307      0.0718262            128           4597          36775
            0.009        19.8077      0.0718301            109           4596          36777
            0.009        19.7411      0.0730195            146           4673          37386
             0.01         21.026      0.0805605            139           5155          41247
             0.01        20.5529      0.0796777            133           5099          40795
             0.01        22.2304      0.0797637            139           5104          40839
             0.01        21.1996      0.0801816            133           5129          41053
             0.01        21.4887      0.0809414            140           5179          41442
             0.01        21.5731      0.0816914            150           5229          41826
             0.01        20.9734       0.080416            177           5147          41173
             0.01        21.0295      0.0798145            156           5110          40865
             0.01        21.0885      0.0804648            153           5150          41198
             0.01        21.8012      0.0807129            155           5165          41325
             0.01        20.2409       0.080666            114           5163          41301
             0.01        21.0248      0.0787715            139           5041          40331
             0.01        20.6866      0.0789043            123           5048          40399
             0.01        21.5622       0.082623            145           5290          42303
             0.01        20.9676      0.0800742            156           5126          40998
             0.01        20.6625      0.0792324            114           5070          40567
             0.01        20.3628      0.0800547            119           5124          40988
             0.01        20.0891      0.0796094            144           5094          40760
             0.01         21.048      0.0804082            139           5147          41169
             0.01        21.3702      0.0817461            152           5232          41854
            0.011        23.4713      0.0888496            202           5687          45491
            0.011        22.2242      0.0875801            172           5603          44841
