% fname: routing_dyad_0_6__sel_bufferlevel__topology_8x8__.m
% ./noxim -routing dyad 0.6 -sel bufferlevel -dimx 8 -dimy 8  -sim 10000 -warmup 2000 -size 8 8 -buffer 8 -traffic transpose1 

function [max_pir, max_throughput, min_delay] = routing_dyad_0_6__sel_bufferlevel__topology_8x8__(symbol)

data = [
%             pir      avg_delay     throughput      max_delay       rpackets         rflits
            0.007        25.8497      0.0559922            246           3587          28668
            0.007        24.3356      0.0552969            197           3537          28312
            0.007        25.7466      0.0571953            189           3662          29284
            0.007        26.3022      0.0564766            261           3614          28916
            0.007         26.083      0.0546211            173           3496          27966
            0.007        24.8916      0.0553926            154           3544          28361
            0.007        27.9753      0.0568262            279           3638          29095
            0.007        23.9755      0.0548457            167           3510          28081
            0.007        25.5283      0.0559863            191           3585          28665
            0.007        24.5885      0.0553652            205           3543          28347
            0.007        25.6994      0.0552559            226           3539          28291
            0.007        25.5981      0.0556348            201           3561          28485
            0.007        25.6053      0.0544668            296           3486          27887
            0.007        27.0821      0.0559766            189           3583          28660
            0.007         25.565      0.0559316            232           3582          28637
            0.007        26.7868      0.0556172            214           3560          28476
            0.007        25.2422      0.0556152            188           3559          28475
            0.007        25.4773      0.0579492            210           3708          29670
            0.007        25.7351       0.055334            193           3541          28331
            0.007        26.1182      0.0565664            202           3620          28962
            0.008        30.7359      0.0649629            258           4157          33261
            0.008        31.8098      0.0648965            272           4154          33227
            0.008          30.78      0.0655078            322           4191          33540
            0.008        30.4285      0.0646523            286           4135          33102
            0.008        30.4867      0.0653164            229           4181          33442
            0.008        30.3473      0.0646875            320           4140          33120
            0.008        30.7947      0.0645254            310           4131          33037
            0.008        28.8191      0.0640059            270           4096          32771
            0.008        30.3439      0.0642656            270           4115          32904
            0.008        28.0286       0.064416            251           4123          32981
            0.008        30.3571      0.0651426            247           4170          33353
            0.008        29.0327      0.0645098            220           4129          33029
            0.008        29.3085      0.0639258            233           4091          32730
            0.008        28.1302      0.0652715            269           4178          33419
            0.008        28.9582      0.0620273            408           3970          31758
            0.008         29.559      0.0621523            226           3977          31822
            0.008        27.9819      0.0639785            195           4095          32757
            0.008        30.0574       0.062957            282           4025          32234
            0.008        31.2996      0.0647129            399           4139          33133
            0.008        30.3083      0.0633105            274           4055          32415
            0.009        38.3991      0.0742676            431           4753          38025
            0.009        34.5398      0.0720664            375           4607          36898
            0.009        33.9054      0.0725176            333           4642          37129
            0.009        33.0422      0.0718652            325           4602          36795
            0.009        33.7248      0.0713926            426           4571          36553
            0.009        33.1937      0.0703418            387           4501          36015
            0.009        35.7901      0.0719355            379           4602          36831
            0.009        36.4536      0.0715391            583           4581          36628
            0.009        37.3881      0.0724453            387           4635          37092
            0.009        34.1732      0.0719453            291           4607          36836
            0.009        35.0203      0.0725352            299           4640          37138
            0.009        33.3261      0.0722383            363           4624          36986
            0.009        33.8824      0.0712187            276           4556          36464
            0.009        35.7231       0.072248            381           4623          36991
            0.009        34.6948      0.0717383            292           4593          36730
            0.009        33.4185      0.0714043            323           4569          36559
            0.009        34.4973      0.0718965            390           4599          36811
            0.009        35.7159      0.0711934            420           4555          36451
            0.009        35.9484      0.0714648            330           4572          36590
            0.009        33.5087      0.0727168            289           4651          37231
             0.01        41.3616      0.0790527            503           5055          40475
             0.01           41.1      0.0782559            481           5009          40067
             0.01        44.3177      0.0798496            375           5108          40883
             0.01        39.1318      0.0777578            347           4979          39812
             0.01        43.8014      0.0787363            515           5041          40313
             0.01         44.969      0.0807031            579           5163          41320
             0.01        48.5831      0.0819551            810           5244          41961
             0.01         43.783       0.080873            786           5175          41407
             0.01        40.9242      0.0796309            527           5095          40771
             0.01        43.0804      0.0799141            632           5112          40916
             0.01        46.6823       0.081498            468           5213          41727
             0.01         40.018      0.0789023            651           5051          40398
             0.01        47.5513      0.0803379            613           5142          41133
             0.01        39.4065      0.0804727            417           5149          41202
             0.01        41.2324      0.0803047            539           5143          41116
             0.01        38.4265      0.0805352            393           5154          41234
             0.01        46.5518      0.0814102            833           5210          41682
             0.01        51.4762      0.0807598            824           5168          41349
             0.01        40.8799      0.0797539            501           5106          40834
             0.01        42.0947      0.0800879            339           5122          41005
            0.011        47.7495      0.0861328            503           5513          44100
