% fname: routing_oddeven__sel_bufferlevel__topology_8x8__.m
% ./noxim -routing oddeven -sel bufferlevel -dimx 8 -dimy 8  -sim 10000 -warmup 2000 -size 8 8 -buffer 8 -traffic transpose1 

function [max_pir, max_throughput, min_delay] = routing_oddeven__sel_bufferlevel__topology_8x8__(symbol)

data = [
%             pir      avg_delay     throughput      max_delay       rpackets         rflits
            0.007        20.0178      0.0553984            159           3545          28364
            0.007        22.3309      0.0567969            228           3636          29080
            0.007        23.0387      0.0569004            233           3644          29133
            0.007        24.8064      0.0574395            332           3678          29409
            0.007        21.8842      0.0564609            267           3617          28908
            0.007        22.8204      0.0558145            249           3570          28577
            0.007        23.7405      0.0547578            294           3503          28036
            0.007        21.8184      0.0562422            199           3601          28796
            0.007        22.9461      0.0559648            255           3582          28654
            0.007        22.3619       0.055375            279           3542          28352
            0.007        26.5032      0.0566191            634           3623          28989
            0.007        26.2033      0.0569375            355           3644          29152
            0.007        23.4522      0.0559004            296           3578          28621
            0.007        24.1151       0.056373            217           3607          28863
            0.007        21.0134      0.0546914            226           3501          28002
            0.007        25.8351      0.0559297            399           3578          28636
            0.007         27.229      0.0567656            417           3633          29064
            0.007        25.7033      0.0563477            317           3603          28850
            0.007        21.3672      0.0564766            200           3614          28916
            0.007        25.2802      0.0578184            335           3704          29603
            0.008        34.7297      0.0639609            530           4092          32748
            0.008        34.3763       0.065623            566           4196          33599
            0.008         29.013      0.0635684            568           4064          32547
            0.008        26.9957      0.0621582            284           3979          31825
            0.008        30.1717      0.0628164            397           4018          32162
            0.008        25.8731      0.0631777            367           4044          32347
            0.008        35.7307      0.0629766           1325           4029          32244
            0.008        27.5301       0.063834            462           4086          32683
            0.008        23.4206       0.062748            277           4018          32127
            0.008        26.2901      0.0639062            300           4092          32720
            0.008        26.2123      0.0643281            324           4116          32936
            0.008        28.7742      0.0627031            488           4012          32104
            0.008        28.2483      0.0629336            351           4027          32222
            0.008        24.6467      0.0630137            279           4036          32263
            0.008        26.5093      0.0631699            303           4043          32343
            0.008        28.1575      0.0646777            390           4134          33115
            0.008        25.8908      0.0639746            318           4095          32755
            0.008        33.0418       0.064957            578           4158          33258
            0.008        30.1022      0.0655547            344           4196          33564
            0.008        35.1473      0.0634238            917           4059          32473
            0.009        36.2049      0.0720684            603           4613          36899
            0.009        32.7211      0.0700508            587           4485          35866
            0.009        35.1827      0.0714121            604           4570          36563
            0.009        40.0316      0.0732187            820           4684          37488
            0.009        49.0507      0.0708535           1615           4534          36277
            0.009        35.9356       0.070584            830           4519          36139
            0.009        58.3912      0.0728613           1765           4662          37305
            0.009        49.2731      0.0733809           1823           4698          37571
            0.009        42.2408      0.0722676           1066           4626          37001
            0.009        38.2369          0.071            613           4547          36352
            0.009        37.3001      0.0697734            604           4465          35724
            0.009        34.1255      0.0711387            489           4551          36423
            0.009        46.0456      0.0715586           1254           4580          36638
            0.009        34.2572      0.0704805            512           4510          36086
            0.009        46.9084      0.0711738            807           4553          36441
            0.009        44.0096      0.0729297            862           4666          37340
            0.009        31.6498      0.0703418            660           4503          36015
            0.009        39.6439      0.0713496            772           4566          36531
            0.009        39.8082      0.0727227            766           4655          37234
            0.009        39.2482      0.0718516            597           4597          36788
             0.01        85.7839      0.0825078           2594           5281          42244
             0.01        56.8593      0.0803789           1444           5146          41154
             0.01        82.8451      0.0807109           2631           5163          41324
             0.01        83.8972      0.0794941           2854           5088          40701
             0.01        86.4169       0.080627           3449           5160          41281
             0.01         67.664      0.0789609           2259           5054          40428
             0.01        67.0573      0.0807754           2229           5168          41357
             0.01        121.947      0.0794375           5056           5082          40672
             0.01        69.0749      0.0790234           1941           5057          40460
             0.01        70.9976      0.0797129           2452           5100          40813
             0.01        60.2271       0.080541           1442           5156          41237
             0.01        76.3996      0.0776816           2123           4972          39773
             0.01        61.9914      0.0795273           1942           5090          40718
             0.01        71.7901      0.0794531           2455           5087          40680
             0.01        86.2027      0.0799297           3580           5116          40924
             0.01        78.8118      0.0803984           2584           5144          41164
             0.01        79.0445      0.0818027           2164           5236          41883
             0.01        71.1322      0.0813984           1759           5212          41676
             0.01        92.8366      0.0800098           4198           5122          40965
             0.01        77.3505      0.0789219           2841           5053          40408
            0.011        93.7195      0.0876035           3588           5607          44853
