% fname: routing_oddeven__sel_random__topology_8x8__.m
% ./noxim -routing oddeven -sel random -dimx 8 -dimy 8  -sim 10000 -warmup 2000 -size 8 8 -buffer 8 -traffic transpose1 

function [max_pir, max_throughput, min_delay] = routing_oddeven__sel_random__topology_8x8__(symbol)

data = [
%             pir      avg_delay     throughput      max_delay       rpackets         rflits
            0.007        19.6226      0.0561602            135           3596          28754
            0.007        19.0116       0.057748            117           3698          29567
            0.007        19.4669      0.0566523            137           3626          29006
            0.007        18.1604      0.0566465            123           3623          29003
            0.007        18.5049      0.0559863            138           3585          28665
            0.007        18.7977       0.055834            112           3574          28587
            0.007        19.4265      0.0563242            119           3606          28838
            0.007        19.9568      0.0564277            135           3613          28891
            0.007        19.0521      0.0545313            125           3490          27920
            0.007         18.917          0.054            136           3456          27648
            0.007         19.057      0.0561641            146           3594          28756
            0.007        18.2126      0.0562324            158           3599          28791
            0.007        19.2924      0.0574609            197           3677          29420
            0.007        19.1197      0.0560176            123           3583          28681
            0.007        18.9948      0.0571426            113           3657          29257
            0.007        19.1781      0.0564375            127           3611          28896
            0.007        18.3867      0.0559746            114           3582          28659
            0.007        19.5767      0.0555977            274           3558          28466
            0.007        18.3739      0.0554062            103           3546          28368
            0.007         18.213      0.0563105            115           3605          28831
            0.008        21.6352      0.0659199            198           4219          33751
            0.008         22.532      0.0641758            242           4105          32858
            0.008        20.6104      0.0651133            129           4168          33338
            0.008        20.1076      0.0646836            144           4137          33118
            0.008        22.6513      0.0625566            237           4003          32029
            0.008         21.435      0.0634629            251           4064          32493
            0.008         19.265      0.0639941            122           4095          32765
            0.008        21.2545      0.0648164            256           4149          33186
            0.008        19.6987       0.061959            128           3966          31723
            0.008        21.2807      0.0645859            240           4136          33068
            0.008        20.6251      0.0644473            196           4126          32997
            0.008        20.6673      0.0624531            178           3995          31976
            0.008        20.0071      0.0640547            139           4097          32796
            0.008         19.743      0.0633965            133           4059          32459
            0.008        21.0117      0.0643477            164           4118          32946
            0.008        20.8106      0.0643438            140           4119          32944
            0.008        21.0031      0.0649141            197           4157          33236
            0.008        20.1889      0.0634531            196           4065          32488
            0.008        21.1777      0.0644941            222           4126          33021
            0.008        21.5438      0.0635801            165           4071          32553
            0.009        23.1173      0.0717734            185           4596          36748
            0.009        24.3181      0.0714941            271           4580          36605
            0.009        23.5445      0.0709687            225           4542          36336
            0.009         23.287      0.0703535            193           4505          36021
            0.009        24.6505      0.0726758            249           4652          37210
            0.009        23.5926      0.0702988            222           4502          35993
            0.009        26.8057      0.0734941            369           4703          37629
            0.009        22.4852      0.0717129            257           4586          36717
            0.009        25.1766      0.0729297            278           4665          37340
            0.009        24.7969      0.0706172            236           4519          36156
            0.009        22.2635       0.070873            183           4535          36287
            0.009        23.3055       0.071625            198           4586          36672
            0.009        23.2369      0.0716582            225           4589          36689
            0.009        23.5199      0.0735352            213           4705          37650
            0.009        21.9841      0.0697012            196           4461          35687
            0.009        26.2406      0.0714258            439           4571          36570
            0.009        24.6253      0.0718496            271           4598          36787
            0.009        24.3517      0.0737305            196           4720          37750
            0.009        23.3156      0.0712793            205           4563          36495
            0.009        25.6943      0.0728398            220           4662          37294
             0.01        27.5665      0.0783691            377           5013          40125
             0.01        36.5832      0.0804043            819           5146          41167
             0.01        31.4344      0.0799355            361           5117          40927
             0.01         27.513      0.0798359            285           5107          40876
             0.01        29.9399      0.0781699            576           5005          40023
             0.01        27.0624      0.0792344            275           5065          40568
             0.01        30.2906      0.0805703            325           5154          41252
             0.01        24.8168      0.0784375            254           5021          40160
             0.01        27.6218      0.0793516            254           5077          40628
             0.01        28.4908      0.0783965            476           5018          40139
             0.01        33.5789       0.079834            365           5110          40875
             0.01         27.045      0.0791328            299           5065          40516
             0.01         29.811      0.0793379            332           5079          40621
             0.01        32.1696      0.0789785            624           5053          40437
             0.01        46.5502      0.0808145           1760           5173          41377
             0.01        32.6339      0.0815332            358           5217          41745
             0.01        33.7771      0.0801191            561           5129          41021
             0.01        33.2502       0.079457            472           5088          40682
             0.01        30.4232      0.0807539            605           5165          41346
             0.01        27.8414      0.0789082            258           5051          40401
            0.011        43.9871      0.0895742           1302           5732          45862
