% fname: routing_xy__topology_8x8__.m
% ./noxim -routing xy -dimx 8 -dimy 8  -sim 10000 -warmup 2000 -size 8 8 -buffer 8 -traffic transpose1 

function [max_pir, max_throughput, min_delay] = routing_xy__topology_8x8__(symbol)

data = [
%             pir      avg_delay     throughput      max_delay       rpackets         rflits
            0.007        25.2238      0.0561543            248           3592          28751
            0.007        23.2993      0.0541113            291           3461          27705
            0.007        21.9363      0.0547227            236           3501          28018
            0.007        26.7828      0.0553848            535           3545          28357
            0.007        21.7244      0.0540039            156           3454          27650
            0.007        24.6274      0.0560508            447           3586          28698
            0.007        24.2444      0.0547559            338           3503          28035
            0.007        23.0121      0.0556914            232           3562          28514
            0.007        25.9559      0.0559844            385           3581          28664
            0.007        25.6116      0.0549023            460           3514          28110
            0.007        24.3263      0.0546074            245           3494          27959
            0.007        28.5365      0.0564883            386           3616          28922
            0.007          26.01      0.0560664            317           3592          28706
            0.007        31.2215      0.0583672            685           3733          29884
            0.007        22.2647      0.0548828            253           3514          28100
            0.007        26.4447      0.0557109            424           3564          28524
            0.007         24.721      0.0552246            319           3530          28275
            0.007        23.7251       0.054707            282           3503          28010
            0.007        25.8891      0.0553457            550           3544          28337
            0.007        23.9345      0.0563008            329           3602          28826
            0.008        29.7561      0.0637324            263           4079          32631
            0.008        37.1441      0.0628691           1372           4025          32189
            0.008        31.0398       0.063957            804           4095          32746
            0.008        34.3093      0.0642598            726           4112          32901
            0.008        35.7741      0.0628008            602           4020          32154
            0.008        28.4537      0.0635332            418           4069          32529
            0.008        39.4741      0.0633691           1362           4054          32445
            0.008        33.5907      0.0640449            820           4100          32791
            0.008        30.2767      0.0635664            428           4066          32546
            0.008        36.8859      0.0657266            617           4205          33652
            0.008        41.4636      0.0644902           1184           4126          33019
            0.008          37.87      0.0641836            876           4107          32862
            0.008        31.3065      0.0644297            590           4121          32988
            0.008        34.6784      0.0629082           1162           4024          32209
            0.008         33.809      0.0639023            870           4088          32718
            0.008        32.2556      0.0636836            801           4076          32606
            0.008        43.1011      0.0641562            852           4105          32848
            0.008        34.8015      0.0645645            472           4126          33057
            0.008        32.6632      0.0636484            456           4074          32588
            0.008        28.2957      0.0627148            554           4011          32110
            0.009        80.5591      0.0702637           3261           4498          35975
            0.009        63.0502      0.0725645           1644           4643          37153
            0.009         58.351       0.071543           2359           4576          36630
            0.009        81.4321      0.0703711           2536           4506          36030
            0.009        97.7063       0.071416           2508           4573          36565
            0.009         129.01      0.0722031           3600           4622          36968
            0.009        52.4893      0.0716953           1806           4592          36708
            0.009        68.1689      0.0725527           1563           4643          37147
            0.009        78.7786      0.0723105           2671           4626          37023
            0.009        53.9784      0.0722187           1747           4622          36976
            0.009        67.8621       0.072334           3481           4628          37035
            0.009        79.8701      0.0724512           2245           4635          37095
            0.009        71.8365      0.0700547           2687           4482          35868
            0.009        84.9238      0.0713379           1942           4565          36525
            0.009        67.3613      0.0712656           1692           4564          36488
            0.009        60.5529      0.0723672           1449           4628          37052
            0.009        100.893      0.0711074           2774           4547          36407
            0.009        103.567      0.0723965           4293           4633          37067
            0.009        110.684      0.0715937           4455           4583          36656
            0.009         63.758      0.0708379           2057           4533          36269
             0.01        137.817      0.0771797           6792           4941          39516
             0.01        157.909      0.0764473           5417           4893          39141
             0.01        110.834      0.0773301           4061           4948          39593
             0.01         153.77      0.0790332           6239           5058          40465
             0.01        186.697      0.0784336           5180           5020          40158
             0.01        184.126      0.0795781           6330           5091          40744
             0.01        140.341       0.078125           9519           4999          40000
             0.01        176.503      0.0764785           6814           4898          39157
             0.01        97.2062      0.0777988           6595           4980          39833
             0.01        129.002      0.0779746           7138           4990          39923
             0.01        177.523      0.0778105           7127           4980          39839
             0.01        143.166      0.0795059           5193           5090          40707
             0.01        135.252      0.0785234           4782           5024          40204
             0.01        152.842      0.0775957           6139           4965          39729
             0.01        110.433       0.078625           7893           5032          40256
             0.01        170.201      0.0769316           5607           4924          39389
             0.01        143.318      0.0785391           5178           5026          40212
             0.01        116.285      0.0775488           5964           4964          39705
             0.01        129.784      0.0780156           5966           4990          39944
             0.01        111.944      0.0783867           5535           5015          40134
            0.011        222.748       0.083377           8448           5337          42689
            0.011        196.642       0.084457           8079           5405          43242
