% fname: routing_xy__topology_8x8__.m
% ./noxim -routing xy -dimx 8 -dimy 8  -sim 10000 -warmup 2000 -size 8 8 -buffer 4 -hs 6 0.2 -hs 7 0.2 -hs 14 0.2 -hs 15 0.2 

function [max_pir, max_throughput, min_delay] = routing_xy__topology_8x8__(symbol)

data = [
%             pir      avg_delay     throughput      max_delay       rpackets         rflits
           0.0015         22.887      0.0138879            109            805           6444
           0.0015        23.2565      0.0141579            195            807           6456
           0.0015        23.0833      0.0136504            268            804           6443
           0.0015        21.3902         0.0123            101            738           5904
           0.0015        20.4178      0.0127733            106            754           6029
           0.0015         20.113      0.0131293             93            761           6092
           0.0015        22.0037      0.0131373            150            801           6411
           0.0015        20.2337       0.012541             97            766           6120
           0.0015        22.5498      0.0136377            169            804           6437
           0.0015        21.7343      0.0127766            123            779           6235
           0.0015        21.2368      0.0131121            170            760           6084
           0.0015        23.0038      0.0130104            142            782           6245
           0.0015        19.8464       0.011925            104            716           5724
           0.0015        21.0977      0.0128589             85            798           6378
           0.0015        24.8325      0.0136294            181            776           6215
           0.0015        22.3045      0.0128832            119            785           6287
           0.0015        23.0076      0.0127964            138            793           6347
           0.0015        20.7748      0.0123146            125            737           5911
           0.0015        23.1022      0.0135146            139            812           6487
           0.0015        20.8566      0.0122083            160            732           5860
           0.0017        24.9081       0.013879            234            860           6884
           0.0017        26.0762      0.0148246            209            919           7353
           0.0017        23.8086      0.0140198            125            883           7066
           0.0017         24.901      0.0142659            185            899           7190
           0.0017        24.1738      0.0146123            145            863           6897
           0.0017        23.3686      0.0149012            130            925           7391
           0.0017        27.5458      0.0149298            257            852           6808
           0.0017        23.4643      0.0135302            190            840           6711
           0.0017        22.4879      0.0146674            111            865           6923
           0.0017        26.1902      0.0146071            177            920           7362
           0.0017        25.5668      0.0147242            147            928           7421
           0.0017        21.3329      0.0146144            128            862           6898
           0.0017        25.3614       0.014207            199            866           6933
           0.0017         23.489      0.0159649            161            912           7280
           0.0017        21.8744      0.0142722            109            884           7079
           0.0017        21.7919      0.0138488            116            860           6869
           0.0017         21.991      0.0140635            117            885           7088
           0.0017        22.5468      0.0149203            131            865           6923
           0.0017        21.5501      0.0150351            126            858           6856
           0.0017        22.9491      0.0137458            207            825           6598
           0.0019        23.8842      0.0161144            153            950           7606
           0.0019        24.8596      0.0158178            127            933           7466
           0.0019        28.5135       0.016125            263           1001           7998
           0.0019        25.7724      0.0156042            161            936           7490
           0.0019         28.406      0.0151309            359            968           7747
           0.0019        26.9949      0.0158185            150            981           7846
           0.0019        29.2954      0.0153887            428            985           7879
           0.0019        27.0208      0.0160615            227           1012           8095
           0.0019        22.2028      0.0158814            109            937           7496
           0.0019        25.5658      0.0149563            192            942           7538
           0.0019        27.1672      0.0162157            140           1005           8043
           0.0019        31.1183      0.0161844            252            989           7898
           0.0019        25.1636      0.0154375            203            990           7904
           0.0019        26.0297      0.0160357            168           1009           8082
           0.0019        26.4911      0.0166107            230           1012           8106
           0.0019        24.8652      0.0152222            209            957           7672
           0.0019        25.7243      0.0154306            139            972           7777
           0.0019        25.9809      0.0157698            189            994           7948
           0.0019        27.6866      0.0164313            244            986           7887
           0.0019        25.3848      0.0161815            159           1003           8026
           0.0021        26.4385       0.016791            145           1024           8194
           0.0021        27.8378      0.0164325            141           1036           8282
           0.0021        29.2584      0.0169306            196           1068           8533
           0.0021        30.8194      0.0175469            367           1124           8984
           0.0021        26.4062      0.0168333            192           1061           8484
           0.0021         28.025      0.0173125            203           1039           8310
           0.0021        27.0125      0.0165417            161           1043           8337
           0.0021        33.2344      0.0175605            304           1088           8710
           0.0021        30.8228      0.0165594            512           1010           8081
           0.0021        27.9361       0.015879            251            986           7876
           0.0021        28.0441      0.0169883            187           1088           8698
           0.0021        32.0221      0.0162578            246           1039           8324
           0.0021        28.1117      0.0173327            208           1074           8597
           0.0021        27.7066      0.0165323            191           1026           8200
           0.0021        35.7203      0.0183367            315           1137           9095
           0.0021        30.5974      0.0172339            194           1068           8548
           0.0021        28.8636      0.0165198            185           1041           8326
           0.0021        36.5693      0.0169023            524           1082           8654
           0.0021        27.6654      0.0166309            133           1064           8515
           0.0021        33.6664      0.0175714            325           1106           8856
           0.0023        48.3005      0.0186885            498           1178           9419
           0.0023        41.9456      0.0189107            439           1194           9531
