% fname: routing_oddeven__sel_bufferlevel__topology_8x8__.m
% ./noxim -routing oddeven -sel bufferlevel -dimx 8 -dimy 8  -sim 10000 -warmup 2000 -size 8 8 -buffer 4 -hs 6 0.2 -hs 7 0.2 -hs 14 0.2 -hs 15 0.2 

function [max_pir, max_throughput, min_delay] = routing_oddeven__sel_bufferlevel__topology_8x8__(symbol)

data = [
%             pir      avg_delay     throughput      max_delay       rpackets         rflits
           0.0015        20.6612      0.0134894            114            797           6367
           0.0015        20.3828      0.0137076             85            768           6141
           0.0015        17.9542      0.0121947             89            743           5951
           0.0015        20.1351      0.0136228            123            777           6212
           0.0015        20.4265      0.0132694             88            769           6157
           0.0015        19.1542      0.0128556             92            746           5965
           0.0015        20.6334      0.0138319            119            802           6418
           0.0015        19.8118      0.0122419            106            760           6072
           0.0015        19.0429       0.012425             70            746           5964
           0.0015        20.1808      0.0130424            102            769           6156
           0.0015        19.9973      0.0129655             98            753           6016
           0.0015        19.0722      0.0118387            112            734           5872
           0.0015        21.8305       0.013911            174            820           6566
           0.0015        20.2612      0.0131926            100            804           6438
           0.0015        19.0654      0.0125389            109            765           6119
           0.0015        19.9563      0.0127606             75            755           6023
           0.0015        21.5935      0.0134211            105            765           6120
           0.0015        21.7659      0.0133583            106            803           6412
           0.0015        21.7247      0.0132062            108            792           6339
           0.0015        19.7411      0.0119652             79            730           5839
           0.0017        23.6099      0.0144863            150            928           7417
           0.0017         21.315      0.0143197            117            873           6988
           0.0017        21.6909       0.014225            112            854           6828
           0.0017        21.2986      0.0142667            108            854           6848
           0.0017         21.738      0.0139959            107            855           6830
           0.0017         23.719      0.0145354            207            872           6977
           0.0017        22.1887      0.0148901            102            864           6909
           0.0017        21.5099       0.014002            104            855           6833
           0.0017          22.26      0.0143475            117            846           6772
           0.0017        22.2953      0.0138629            139            860           6876
           0.0017        21.7891      0.0131123            122            773           6189
           0.0017        20.8691      0.0152823             95            886           7091
           0.0017        22.3711      0.0145318            106            857           6859
           0.0017        21.8471      0.0141843            182            837           6695
           0.0017        20.8135      0.0138074             89            842           6738
           0.0017        23.2959      0.0147275            112            899           7187
           0.0017        22.7508      0.0150847            108            891           7120
           0.0017        21.7568      0.0143453            124            847           6771
           0.0017        21.3126      0.0137758            113            867           6943
           0.0017        20.5855      0.0139915            106            825           6604
           0.0019        22.7613      0.0151766            112            955           7649
           0.0019        23.4585      0.0156885            148            988           7907
           0.0019        24.7666       0.017161            110           1011           8100
           0.0019        24.6355      0.0155403            229            963           7708
           0.0019        21.7811      0.0153407            136            950           7609
           0.0019        23.6241      0.0158047            127           1011           8092
           0.0019        23.6943      0.0161674            130            952           7631
           0.0019        23.6936      0.0163083            118            979           7828
           0.0019        22.7944      0.0157599            106            992           7943
           0.0019        24.7194      0.0158085            212            980           7841
           0.0019        25.3177      0.0166521            136           1001           7993
           0.0019        23.5332      0.0150605            130            934           7470
           0.0019        23.6632      0.0153367            138            950           7607
           0.0019        24.8888      0.0159435            141            989           7908
           0.0019        22.4024       0.014502            123            927           7425
           0.0019        22.0633      0.0155363            122            963           7706
           0.0019        23.3389      0.0156475            146            953           7636
           0.0019        22.9919      0.0162172            113            988           7914
           0.0019        24.6863       0.015377            159            953           7627
           0.0019        24.0261      0.0157857            146            995           7956
           0.0021         27.695      0.0180146            175           1082           8647
           0.0021        25.1311      0.0174959            141           1068           8538
           0.0021        24.8577      0.0168393            112           1061           8487
           0.0021        24.7736      0.0175927            142           1091           8726
           0.0021        25.6111      0.0177766            158           1085           8675
           0.0021        26.9341       0.017918            174           1093           8744
           0.0021        25.5952      0.0171726            166           1082           8655
           0.0021        25.2263      0.0178835            165           1056           8441
           0.0021        25.8034      0.0167937            218           1058           8464
           0.0021        27.5581      0.0168194            193           1059           8477
           0.0021        24.0949      0.0167321            136           1054           8433
           0.0021        26.1285       0.016918            193           1082           8662
           0.0021        24.6499      0.0163849            114           1031           8258
           0.0021        25.4659       0.017246            132           1069           8554
           0.0021          24.69      0.0170867            188           1058           8475
           0.0021        28.1661      0.0178566            169           1090           8714
           0.0021        26.4523       0.016707            173           1070           8554
           0.0021        25.6744      0.0175932            145           1038           8304
           0.0021        31.3212      0.0170902            656           1043           8340
           0.0021        25.8083      0.0175867            174           1090           8723
           0.0023         32.798      0.0194107            298           1223           9783
