% fname: routing_dyad_0_6__sel_bufferlevel__topology_8x8__.m
% ./noxim -routing dyad 0.6 -sel bufferlevel -dimx 8 -dimy 8  -sim 10000 -warmup 2000 -size 8 8 -buffer 2 -hs 27 0.2 -hs 28 0.2 -hs 35 0.2 -hs 36 0.2 

function [max_pir, max_throughput, min_delay] = routing_dyad_0_6__sel_bufferlevel__topology_8x8__(symbol)

data = [
%             pir      avg_delay     throughput      max_delay       rpackets         rflits
           0.0018        15.7441      0.0142258             76            883           7056
           0.0018        16.7222      0.0157944            108            979           7834
           0.0018        15.6895      0.0150389             92            918           7339
           0.0018        17.5034      0.0144119            167            878           7033
           0.0018        17.7033      0.0157854             92            947           7577
           0.0018        17.0053      0.0151331            106            938           7506
           0.0018        17.0365      0.0150354            122            903           7217
           0.0018        17.0305      0.0152896             86            917           7339
           0.0018        16.3539      0.0148689            111            907           7256
           0.0018        16.9715      0.0151854            114            911           7289
           0.0018        16.6146      0.0143281             82            916           7336
           0.0018        17.0268      0.0149083             96            895           7156
           0.0018        16.8783      0.0149385            109            912           7290
           0.0018        16.4766      0.0148125             75            919           7347
           0.0018        16.0451      0.0144345             97            910           7275
           0.0018        16.6295       0.015373            100            969           7748
           0.0018        16.8263       0.014379             88            904           7247
           0.0018        17.0385      0.0142207             98            910           7281
           0.0018        17.4886      0.0153135            106            964           7718
           0.0018         17.833      0.0156865             98            988           7906
            0.002        18.2372      0.0177974             89           1033           8258
            0.002        17.5165      0.0165665            101           1028           8217
            0.002        18.1917      0.0168542            131           1012           8090
            0.002        18.8143         0.0165            140            991           7920
            0.002        17.7938      0.0159836             95            975           7800
            0.002        18.9547      0.0162602            240            993           7935
            0.002        21.3047      0.0173512            152           1093           8745
            0.002        17.4308       0.016881            120           1047           8373
            0.002        17.6589      0.0159173             98            988           7895
            0.002        17.9795      0.0162738             91           1026           8202
            0.002        18.2451      0.0158828            142           1016           8132
            0.002        17.8581      0.0169816            106           1036           8287
            0.002        17.9508      0.0160746             96            996           7973
            0.002        18.2687      0.0157202            107            990           7923
            0.002         18.599       0.016627            161           1030           8247
            0.002        19.0427      0.0166109            105           1030           8239
            0.002         17.949      0.0165099            144           1040           8321
            0.002        18.2611      0.0156964            126            988           7911
            0.002         20.113      0.0167036            162           1035           8285
            0.002        17.7206      0.0168569             94           1045           8361
           0.0022        20.4728      0.0174738            149           1083           8667
           0.0022        19.3623      0.0180933            125           1140           9119
           0.0022        20.8053      0.0191352            158           1166           9338
           0.0022        20.4722      0.0180179            112           1135           9081
           0.0022        19.4912      0.0172024            161           1085           8670
           0.0022        21.2447      0.0190146            165           1140           9127
           0.0022        18.9991      0.0188792            123           1133           9062
           0.0022        17.6112       0.017543             85           1070           8561
           0.0022        18.9019      0.0179524            139           1132           9048
           0.0022        19.2739       0.017666            124           1132           9045
           0.0022        19.6427      0.0183016            110           1153           9224
           0.0022        20.6928      0.0190339            237           1123           8984
           0.0022        20.2577      0.0175516            143           1106           8846
           0.0022        18.1726      0.0183279             97           1118           8944
           0.0022        19.9991      0.0191419            254           1130           9035
           0.0022        19.6033      0.0179395            135           1147           9185
           0.0022        19.9876      0.0179841            188           1133           9064
           0.0022        19.5584       0.018119            176           1121           8987
           0.0022        21.1145      0.0187924            158           1109           8870
           0.0022        20.1731      0.0168611            158           1063           8498
           0.0024        21.8087       0.020506            139           1291          10335
           0.0024        20.5375      0.0188433            123           1187           9497
           0.0024        20.2951      0.0193591            127           1220           9757
           0.0024        23.0973      0.0205635            194           1295          10364
           0.0024        25.9138       0.020498            223           1311          10495
           0.0024         23.066      0.0212621            168           1319          10546
           0.0024         23.696      0.0205143            197           1250          10011
           0.0024        21.0666      0.0190215            163           1216           9739
           0.0024        21.9798      0.0199577            153           1236           9899
           0.0024        20.2819      0.0201895            171           1252          10014
           0.0024        22.7249      0.0189668            239           1214           9711
           0.0024        20.4372      0.0190566            124           1219           9757
           0.0024        24.6588      0.0201389            287           1269          10150
           0.0024        23.3707      0.0195337            177           1230           9845
           0.0024        23.5145      0.0194778            356           1207           9661
           0.0024        20.3789      0.0185527            129           1185           9499
           0.0024        25.4607      0.0198095            259           1248           9984
           0.0024        21.8188      0.0201048            144           1247           9972
           0.0024        22.4964      0.0195117            203           1251           9990
           0.0024        22.8011      0.0194722            187           1227           9814
           0.0026        24.0824      0.0220117            148           1407          11270
