% fname: routing_xy__topology_8x8__.m
% ./noxim -routing xy -dimx 8 -dimy 8  -sim 10000 -warmup 2000 -size 8 8 -buffer 2 -hs 27 0.2 -hs 28 0.2 -hs 35 0.2 -hs 36 0.2 

function [max_pir, max_throughput, min_delay] = routing_xy__topology_8x8__(symbol)

data = [
%             pir      avg_delay     throughput      max_delay       rpackets         rflits
           0.0018         17.144      0.0144516             98            896           7168
           0.0018        17.6419       0.015377            100            969           7750
           0.0018        17.1454      0.0157021             92            942           7537
           0.0018        16.8143      0.0154095             93            894           7150
           0.0018        16.3685      0.0146653             75            909           7274
           0.0018        17.7609      0.0151695            104            895           7160
           0.0018        16.9217       0.015256             98            945           7567
           0.0018        17.1633      0.0155271             84            931           7453
           0.0018        16.8048      0.0145271            108            871           6973
           0.0018        17.6318      0.0154254            145            956           7651
           0.0018        16.8729      0.0156063             85            936           7491
           0.0018        16.7312      0.0165943            128            945           7567
           0.0018          16.11       0.014375             96            891           7130
           0.0018         15.385      0.0141349             76            891           7124
           0.0018        16.6057      0.0148246             82            918           7353
           0.0018        17.5086      0.0152889            115            932           7461
           0.0018        17.0772      0.0157667             73            945           7568
           0.0018        18.2583       0.015125            188            937           7502
           0.0018        17.5211      0.0156694            131            971           7772
           0.0018        17.3781      0.0156149            126            968           7745
            0.002         17.995      0.0155332            137            994           7953
            0.002        17.5418      0.0171895            100           1065           8526
            0.002        17.3919      0.0153906            100            985           7880
            0.002        18.4577      0.0163972            153           1016           8133
            0.002         18.139      0.0165887            116           1029           8228
            0.002        19.2265       0.016498            103           1020           8183
            0.002        18.4883      0.0166309            103           1065           8515
            0.002        17.1395      0.0162722            128           1011           8071
            0.002        18.4581      0.0167661            181           1039           8316
            0.002        17.0447      0.0157188            146           1006           8048
            0.002        17.6802      0.0157285            117           1007           8053
            0.002        19.6294      0.0163065            141           1012           8088
            0.002        18.0099      0.0160397             83           1010           8084
            0.002        17.9202       0.016131            204           1015           8130
            0.002        20.2514      0.0171012            152           1078           8619
            0.002        18.3645      0.0181048            108           1122           8980
            0.002        20.2392      0.0158965            206           1016           8139
            0.002        19.6385       0.016994            198           1054           8429
            0.002        16.9904      0.0165079             85           1041           8320
            0.002         18.324      0.0167681            135           1040           8317
           0.0022        18.9772      0.0172828            157           1053           8434
           0.0022        21.1157      0.0184274            216           1141           9140
           0.0022        21.6361      0.0188165            145           1168           9333
           0.0022        20.5609      0.0180879            133           1157           9261
           0.0022        17.9443      0.0174121             99           1113           8915
           0.0022        21.7513       0.017871            188           1126           9007
           0.0022        21.4411      0.0178185            293           1104           8838
           0.0022        19.3333      0.0175234            126           1122           8972
           0.0022        21.5059      0.0192258            211           1192           9536
           0.0022        18.3039      0.0183893            138           1122           8974
           0.0022        19.2381      0.0174766            137           1117           8948
           0.0022        21.9515      0.0183044            286           1135           9079
           0.0022         19.691      0.0169683            167           1068           8552
           0.0022        20.0891      0.0177285            159           1134           9077
           0.0022        18.7878      0.0167258            103           1037           8296
           0.0022        21.3705      0.0172063            155           1085           8672
           0.0022        21.0604       0.018131            162           1125           8993
           0.0022        18.5326       0.018082            138           1104           8824
           0.0022         18.036      0.0183488            125           1138           9101
           0.0022        18.4601      0.0174012            137           1078           8631
           0.0024         19.626       0.019506            141           1230           9831
           0.0024        23.2524      0.0197282            206           1244           9943
           0.0024        23.5418      0.0196774            251           1220           9760
           0.0024        20.0449      0.0200881            109           1225           9803
           0.0024        22.0769       0.018994            288           1197           9573
           0.0024        21.2688      0.0195098            120           1250           9989
           0.0024        20.2875      0.0185469            102           1186           9496
           0.0024        21.3166      0.0199551            141           1276          10217
           0.0024        25.5192      0.0202956            162           1279          10229
           0.0024        21.7927      0.0194643            162           1225           9810
           0.0024        21.8923      0.0192988            142           1235           9881
           0.0024        20.3135      0.0194881            147           1228           9822
           0.0024        22.0057      0.0192578            111           1234           9860
           0.0024        26.5968      0.0199008            216           1255          10030
           0.0024        22.9633      0.0204336            212           1307          10462
           0.0024         21.866      0.0199221            133           1216           9722
           0.0024        23.9466       0.019293            248           1236           9878
           0.0024        23.0482       0.019754            194           1223           9798
           0.0024         22.038      0.0199395            139           1238           9890
           0.0024        22.6807      0.0191754            204           1190           9511
           0.0026        24.0791       0.020875            197           1315          10521
           0.0026        24.3912      0.0209805            188           1342          10742
