% fname: routing_oddeven__sel_random__topology_8x8__.m
% ./noxim -routing oddeven -sel random -dimx 8 -dimy 8  -sim 10000 -warmup 2000 -size 8 8 -buffer 8 

function [max_pir, max_throughput, min_delay] = routing_oddeven__sel_random__topology_8x8__(symbol)

data = [
%             pir      avg_delay     throughput      max_delay       rpackets         rflits
             0.01        24.8614      0.0815137            144           5215          41735
             0.01        23.3372       0.079168            117           5065          40534
             0.01        22.5975      0.0799883            126           5120          40954
             0.01        23.5468      0.0791699            164           5068          40535
             0.01        23.8427      0.0824063            159           5276          42192
             0.01        23.7231      0.0804531            131           5150          41192
             0.01        22.9627      0.0804629            110           5151          41197
             0.01        23.3614      0.0789629            129           5055          40429
             0.01        23.5433       0.079791            139           5108          40853
             0.01        23.2636      0.0808633            157           5174          41402
             0.01        23.5953         0.0795            124           5088          40704
             0.01        23.3408      0.0797148            140           5102          40814
             0.01        22.8761      0.0785449            126           5029          40215
             0.01        22.7689      0.0804336            127           5144          41182
             0.01        24.2755      0.0798418            154           5110          40879
             0.01        22.8119       0.080498            131           5152          41215
             0.01        24.3205      0.0801953            134           5133          41060
             0.01          22.91      0.0779336            146           4989          39902
             0.01        23.5568      0.0792852            164           5070          40594
             0.01        23.3971      0.0805098            150           5155          41221
            0.011         25.312       0.088334            159           5654          45227
            0.011        25.4225      0.0892207            187           5709          45681
            0.011        26.8243      0.0884941            169           5664          45309
            0.011        24.9395      0.0901523            158           5771          46158
            0.011        25.4046      0.0874043            156           5595          44751
            0.011         26.289      0.0897422            152           5744          45948
            0.011        25.1825      0.0888672            181           5689          45500
            0.011        26.0301      0.0896777            155           5739          45915
            0.011        25.4882      0.0861484            195           5512          44108
            0.011        25.2171      0.0886426            117           5674          45385
            0.011        25.0158      0.0871543            151           5580          44623
            0.011        26.0851      0.0873711            156           5593          44734
            0.011        24.6902      0.0873828            127           5594          44740
            0.011        25.6704      0.0890566            163           5700          45597
            0.011        24.6784      0.0868047            129           5557          44444
            0.011        24.3276      0.0866914            153           5549          44386
            0.011        25.6208      0.0881445            193           5644          45130
            0.011        24.8032      0.0874492            160           5595          44774
            0.011        25.8643       0.088625            174           5667          45376
            0.011        25.4195      0.0878242            142           5623          44966
            0.012        28.6352      0.0957695            186           6130          49034
            0.012        28.3536      0.0976641            220           6248          50004
            0.012        27.6863      0.0973066            196           6229          49821
            0.012        26.1591      0.0940879            154           6021          48173
            0.012        27.4365      0.0955215            154           6114          48907
            0.012        27.1617      0.0948945            191           6073          48586
            0.012        28.7195      0.0964727            203           6178          49394
            0.012        27.1547      0.0960781            158           6148          49192
            0.012        27.6311      0.0952676            153           6100          48777
            0.012        28.3196      0.0946836            165           6060          48478
            0.012        29.3259      0.0979336            215           6268          50142
            0.012        27.1741      0.0942441            143           6032          48253
            0.012        28.4416      0.0960703            174           6152          49188
            0.012        28.0211       0.095543            280           6114          48918
            0.012        27.5823      0.0947891            239           6067          48532
            0.012          27.45      0.0958633            170           6135          49082
            0.012        28.5105      0.0949844            251           6076          48632
            0.012        26.7444      0.0948496            141           6069          48563
            0.012        27.8997      0.0938145            150           6003          48033
            0.012        27.9366       0.095418            168           6105          48854
            0.013        32.0751       0.104787            281           6710          53651
            0.013        29.7368       0.101625            164           6504          52032
            0.013        32.7674       0.104693            323           6702          53603
            0.013        33.0074       0.105684            343           6765          54110
            0.013        31.8682       0.105621            263           6759          54078
            0.013        30.4821       0.100789            193           6451          51604
            0.013        32.5244       0.104828            291           6710          53672
            0.013        32.7944       0.105998            231           6784          54271
            0.013        30.2374       0.105041            206           6719          53781
            0.013        30.8147       0.105135            167           6728          53829
            0.013        30.8163       0.104361            178           6679          53433
            0.013        31.6048       0.101869            233           6518          52157
            0.013        29.5434       0.103889            164           6649          53191
            0.013        30.9979       0.104639            182           6697          53575
            0.013        31.1828       0.103443            179           6620          52963
            0.013          31.54       0.102316            221           6545          52386
            0.013        30.3317       0.103551            198           6630          53018
            0.013        30.5961       0.101646            250           6506          52043
            0.013         29.567       0.103863            167           6645          53178
            0.013        32.3415       0.103129            306           6603          52802
            0.014        41.2829       0.112555            344           7204          57628
            0.014        35.2312       0.112297            267           7188          57496
