% fname: buffer_4__routing_dyad_0_6__sel_bufferlevel__topology_8x8__.m
% ./noxim -buffer 4 -routing dyad 0.6 -sel bufferlevel -dimx 8 -dimy 8  -sim 10000 -warmup 2000 -size 8 8 -hs 27 0.2 -hs 28 0.2 -hs 35 0.2 -hs 36 0.2 

function [max_pir, max_throughput, min_delay] = buffer_4__routing_dyad_0_6__sel_bufferlevel__topology_8x8__(symbol)

data = [
%             pir      avg_delay     throughput      max_delay       rpackets         rflits
           0.0018        16.1508      0.0152521            105            915           7321
           0.0018        17.2729       0.015916            119            971           7767
           0.0018         15.966      0.0149611            108            912           7301
           0.0018        16.4984      0.0146845             82            927           7401
           0.0018        16.4891      0.0152583             90            914           7324
           0.0018        16.1164      0.0157119             82            928           7416
           0.0018        17.3291      0.0153851             94            954           7631
           0.0018        16.5338      0.0150484            111            933           7464
           0.0018        18.8485      0.0148115            153            904           7228
           0.0018        17.6573      0.0140794            124            887           7096
           0.0018        16.2242      0.0146189             78            892           7134
           0.0018        16.6557      0.0153835             91            909           7261
           0.0018         16.272      0.0153229            100            919           7355
           0.0018        15.9473      0.0146734             88            910           7278
           0.0018        16.4214      0.0140444             96            871           6966
           0.0018        17.9184       0.014875            149            907           7259
           0.0018        16.7659      0.0143854            103            863           6905
           0.0018        16.4415      0.0149396            146            897           7171
           0.0018        17.1444        0.01575            103            914           7308
           0.0018        18.2002      0.0153238            129            934           7478
            0.002        18.1255      0.0164795            106           1004           8042
            0.002        18.3571      0.0175968            117           1092           8728
            0.002        18.5495      0.0162695            125           1041           8330
            0.002         17.297      0.0162857            169           1027           8208
            0.002        17.6883      0.0169365            145           1033           8265
            0.002        19.0198      0.0160198            114           1009           8074
            0.002        17.6292      0.0156411            131            971           7758
            0.002        17.8935      0.0166209            103           1014           8111
            0.002        19.1393      0.0173094            136           1055           8447
            0.002        19.7877      0.0173631            145           1093           8751
            0.002         16.998      0.0159297             92           1018           8156
            0.002        17.5753      0.0156855            108           1003           8031
            0.002        19.9732      0.0177131            162           1081           8644
            0.002        18.0829       0.016244            110           1025           8187
            0.002        18.3313       0.015994            134           1008           8061
            0.002        17.9529      0.0164375             99           1019           8153
            0.002        18.0833      0.0160464            144            996           7959
            0.002        17.8063      0.0163008            122           1043           8346
            0.002        18.0289      0.0164762            123           1038           8304
            0.002        20.3711      0.0173992            179           1078           8630
           0.0022        19.7824      0.0182242            182           1149           9185
           0.0022        20.5527      0.0180143            109           1100           8791
           0.0022        17.9794       0.017457            178           1116           8938
           0.0022        19.1281      0.0169277            130           1085           8667
           0.0022        20.8418      0.0183566            145           1119           8958
           0.0022        18.6436      0.0171172            115           1097           8764
           0.0022        19.2613       0.017498            118           1102           8819
           0.0022        22.8189      0.0184742            184           1165           9311
           0.0022        17.8173      0.0170391             89           1089           8724
           0.0022        20.1098      0.0190963            118           1166           9319
           0.0022        22.0758      0.0186508            190           1174           9400
           0.0022          17.71      0.0181332             85           1107           8849
           0.0022         19.391      0.0182619            111           1151           9204
           0.0022        19.5688      0.0180527            181           1155           9243
           0.0022        18.7825       0.018166            114           1108           8865
           0.0022        21.1068       0.018121            132           1142           9133
           0.0022        20.3986      0.0188934            145           1154           9220
           0.0022        19.1686      0.0175215            125           1121           8971
           0.0022        18.7067      0.0184254            138           1142           9139
           0.0022        18.4486      0.0171563            156           1099           8784
           0.0024        20.6321      0.0200665            155           1245           9953
           0.0024        21.2772      0.0195202            156           1212           9682
           0.0024        21.7602      0.0195179            198           1230           9837
           0.0024         22.052      0.0195553            200           1192           9543
           0.0024        20.9013      0.0197401            151           1246           9949
           0.0024        23.5297      0.0194238            211           1244           9945
           0.0024        21.7855       0.019584            123           1254          10027
           0.0024        20.6588      0.0194087            131           1222           9782
           0.0024        23.3854       0.020619            190           1300          10392
           0.0024        24.1327      0.0204234            233           1266          10130
           0.0024         20.131      0.0181133            135           1160           9274
           0.0024        21.4517      0.0190996            165           1222           9779
           0.0024        24.2472      0.0204899            224           1270          10163
           0.0024        22.4902      0.0196835            159           1222           9763
           0.0024        20.2122      0.0195159            125           1230           9836
           0.0024        19.4245      0.0187762            118           1166           9313
           0.0024        21.4145      0.0194234            130           1204           9634
           0.0024        22.7396      0.0205972            163           1298          10381
           0.0024        19.3236      0.0191582            138           1227           9809
           0.0024        21.6616      0.0193125            180           1238           9888
           0.0026        32.2718      0.0223909            808           1409          11285
