% fname: routing_oddeven__sel_nop__topology_8x8__.m
% ./noxim -routing oddeven -sel nop -dimx 8 -dimy 8  -sim 10000 -warmup 2000 -size 8 8 -buffer 4 -hs 27 0.2 -hs 28 0.2 -hs 35 0.2 -hs 36 0.2 

function [max_pir, max_throughput, min_delay] = routing_oddeven__sel_nop__topology_8x8__(symbol)

data = [
%             pir      avg_delay     throughput      max_delay       rpackets         rflits
            0.002        17.8507      0.0163184            112           1045           8355
            0.002        16.4152      0.0164762             88           1038           8304
            0.002        18.1632      0.0182771            198           1097           8773
            0.002        17.5239      0.0167646             94           1006           8047
            0.002        18.0815      0.0161667            135           1018           8148
            0.002        16.1283      0.0157262            140            990           7926
            0.002        18.8868      0.0168145            140           1042           8340
            0.002        17.6076      0.0157798            115            994           7953
            0.002        16.2859      0.0174333            105           1046           8368
            0.002        16.3192      0.0165099             95           1040           8321
            0.002        17.2407      0.0168094            114           1026           8203
            0.002        17.0059      0.0167664             90           1023           8182
            0.002         16.817      0.0160615             90           1011           8095
            0.002        16.7554      0.0161508            122           1018           8140
            0.002        16.4269      0.0166885             77           1019           8144
            0.002        18.7749      0.0167143            138           1053           8424
            0.002        18.3333      0.0169012             94           1047           8383
            0.002        17.0634      0.0162782             93           1009           8074
            0.002        16.9566      0.0175678             95           1037           8292
            0.002        16.5064      0.0163387            132           1013           8104
           0.0022         20.112      0.0178452            168           1125           8994
           0.0022        19.1517      0.0193604            173           1160           9293
           0.0022        17.6301      0.0168438             98           1076           8624
           0.0022        18.8108      0.0184782            134           1163           9313
           0.0022        17.0035      0.0179603             77           1132           9052
           0.0022        20.0429      0.0188226            281           1166           9336
           0.0022        17.9745       0.017166            175           1099           8789
           0.0022        18.6067      0.0177363             98           1134           9081
           0.0022        16.9972      0.0176988             98           1080           8637
           0.0022        18.4461      0.0185451             97           1132           9050
           0.0022        17.3482      0.0180585             82           1120           8957
           0.0022        19.9749      0.0179819            185           1114           8919
           0.0022        18.0253      0.0175873             85           1107           8864
           0.0022        17.3455      0.0176309            110           1126           9027
           0.0022        17.1653      0.0171133             84           1095           8762
           0.0022         17.327      0.0181641             98           1162           9300
           0.0022        19.9586      0.0180397            174           1136           9092
           0.0022        18.3899       0.018916            105           1154           9231
           0.0022        19.6648      0.0179693            157           1098           8769
           0.0022        19.1872       0.017625            148           1111           8883
           0.0024        21.0791      0.0199512            141           1277          10215
           0.0024         20.239      0.0193851            140           1201           9615
           0.0024        19.5245      0.0194473            123           1245           9957
           0.0024        20.4689      0.0188398            157           1205           9646
           0.0024        19.4253      0.0198871             96           1232           9864
           0.0024        18.9026       0.018916             92           1212           9685
           0.0024        18.3858      0.0195625            106           1213           9703
           0.0024           20.5      0.0204657            104           1270          10151
           0.0024        20.2881      0.0197679            173           1246           9963
           0.0024        20.0236      0.0190968            144           1185           9472
           0.0024        20.8321      0.0197439            163           1203           9635
           0.0024        20.1651       0.020246            123           1254          10042
           0.0024        21.3393      0.0206935            135           1285          10264
           0.0024        19.9682      0.0199921            145           1259          10076
           0.0024        18.5231      0.0188906             94           1210           9672
           0.0024        19.1055        0.01925            132           1232           9856
           0.0024        20.0964      0.0189405            155           1193           9546
           0.0024        20.2262       0.020504            113           1291          10334
           0.0024        20.9614      0.0200323            175           1242           9936
           0.0024        21.0103      0.0204315            180           1266          10134
           0.0026        23.0639      0.0212656            169           1362          10888
           0.0026        20.4742       0.022252            202           1358          10859
           0.0026        20.4953      0.0203393            177           1282          10251
           0.0026        22.1472      0.0209246            182           1318          10546
           0.0026        21.4368      0.0202722            142           1257          10055
           0.0026        21.6098      0.0212441            134           1361          10877
           0.0026        21.9793      0.0203555            121           1303          10422
           0.0026        19.4694      0.0201387            100           1289          10311
           0.0026        22.7998      0.0203789            173           1304          10434
           0.0026        21.9661      0.0214476            203           1329          10638
           0.0026        23.6786      0.0213373            228           1344          10754
           0.0026        25.6334      0.0221742            431           1353          10821
           0.0026        23.3364      0.0206387            259           1320          10567
           0.0026        20.1092      0.0204883            171           1309          10490
           0.0026        22.3529      0.0211673            148           1315          10499
           0.0026        22.8136      0.0205988            165           1277          10217
           0.0026        22.3231      0.0207871            166           1331          10643
           0.0026        22.0044      0.0220383            190           1367          10931
           0.0026        21.9985      0.0211169            221           1310          10474
           0.0026         21.563      0.0218911            218           1357          10858
           0.0028        23.0236      0.0221825            168           1396          11180
