% fname: routing_xy__topology_8x8__.m
% ./noxim -routing xy -dimx 8 -dimy 8  -sim 10000 -warmup 2000 -size 8 8 -buffer 4 -hs 27 0.2 -hs 28 0.2 -hs 35 0.2 -hs 36 0.2 

function [max_pir, max_throughput, min_delay] = routing_xy__topology_8x8__(symbol)

data = [
%             pir      avg_delay     throughput      max_delay       rpackets         rflits
            0.002        18.6102      0.0174286            105           1098           8784
            0.002        17.8919      0.0166783            120           1018           8139
            0.002        16.4765      0.0158512             94            999           7989
            0.002        17.5939      0.0169073            131            980           7845
            0.002        17.5474      0.0157891             91           1012           8084
            0.002        17.9577      0.0165271            139            993           7933
            0.002        18.3368       0.015957            131            974           7787
            0.002        17.3376      0.0158477             99           1013           8114
            0.002        17.1463      0.0167839            121            991           7922
            0.002        17.4331      0.0171373             78           1046           8363
            0.002        17.4057      0.0156488            125            986           7887
            0.002        17.7763      0.0171167            119           1028           8216
            0.002         18.148      0.0165184            124           1007           8061
            0.002        17.9777      0.0166129            102           1032           8240
            0.002        17.0994        0.01525            130            976           7808
            0.002        17.8131      0.0162361            106           1022           8183
            0.002        18.2144       0.016623            106           1031           8245
            0.002        17.8562      0.0170292            113           1022           8174
            0.002        17.7301      0.0155873             89            982           7856
            0.002        18.8197      0.0168952             96           1048           8380
           0.0022         19.016      0.0180927            115           1122           8974
           0.0022        22.1424      0.0185645            182           1152           9208
           0.0022        20.1912      0.0189375            121           1135           9090
           0.0022        19.8973      0.0190176             97           1217           9737
           0.0022        19.5522      0.0171845            145           1083           8661
           0.0022        20.8766      0.0186528            197           1175           9401
           0.0022        21.1204      0.0182399            169           1130           9047
           0.0022        19.0971      0.0173452            110           1092           8742
           0.0022        20.0404      0.0178223            188           1140           9125
           0.0022        18.9523      0.0173056            132           1091           8722
           0.0022         19.057      0.0178234            114           1123           8983
           0.0022         19.441      0.0179093            138           1111           8883
           0.0022        16.9142      0.0171048             97           1060           8484
           0.0022         19.045      0.0179782            119           1133           9061
           0.0022        19.4745      0.0180664            221           1157           9250
           0.0022        20.4398       0.018791            160           1146           9170
           0.0022        18.8957      0.0179324            102           1093           8751
           0.0022        18.2054      0.0173589            144           1076           8610
           0.0022        19.7586      0.0173418            119           1110           8879
           0.0022        19.7466      0.0171523            107           1097           8782
           0.0024        21.3961      0.0191855            224           1189           9516
           0.0024        22.0223      0.0196113            172           1256          10041
           0.0024        22.0556      0.0191211            178           1224           9790
           0.0024        23.0391      0.0209406            150           1279          10219
           0.0024        21.5738      0.0196055            152           1253          10038
           0.0024        21.3588      0.0191797            170           1229           9820
           0.0024         20.789      0.0191032            135           1204           9628
           0.0024        23.8691       0.020918            279           1276          10208
           0.0024        20.0964      0.0192754            118           1235           9869
           0.0024         22.607      0.0179551            238           1150           9193
           0.0024        23.3734      0.0207641            231           1288          10299
           0.0024        19.7238      0.0193669            108           1202           9606
           0.0024        21.2336      0.0191151            355           1203           9634
           0.0024        21.7562      0.0200645            182           1243           9952
           0.0024        20.2688      0.0189004             97           1209           9677
           0.0024        19.8237      0.0190242            146           1180           9436
           0.0024        21.0117      0.0189286            168           1192           9540
           0.0024        21.7326      0.0193281            146           1238           9896
           0.0024        24.0176      0.0202036            299           1253          10021
           0.0024        19.5961      0.0190302            136           1181           9439
           0.0026        23.5828      0.0206984            149           1304          10432
           0.0026          23.27       0.020666            204           1322          10581
           0.0026        28.4926      0.0212637            280           1360          10887
           0.0026        27.4978      0.0215655            200           1358          10869
           0.0026        20.9788      0.0206191            109           1319          10557
           0.0026        24.4567      0.0210714            511           1327          10620
           0.0026        32.6983      0.0216777            459           1389          11099
           0.0026        25.9222      0.0207956            275           1311          10481
           0.0026        29.0884      0.0213887            273           1369          10951
           0.0026        22.5584      0.0204434            211           1309          10467
           0.0026        25.6292      0.0208535            247           1335          10677
           0.0026        23.8796      0.0209742            231           1321          10571
           0.0026        25.2128       0.021125            172           1330          10647
           0.0026        27.6178      0.0210258            223           1324          10597
           0.0026        23.8562      0.0208418            202           1335          10671
           0.0026        21.0103      0.0200675            144           1264          10114
           0.0026        22.7548      0.0208044            181           1289          10319
           0.0026        23.8519      0.0198373            250           1249           9998
           0.0026        24.9399      0.0215195            222           1380          11018
           0.0026        24.8487      0.0217163            212           1368          10945
           0.0028        34.5071       0.023123            779           1479          11839
           0.0028         31.089       0.022623            352           1449          11583
