% fname: routing_oddeven__sel_random__topology_8x8__.m
% ./noxim -routing oddeven -sel random -dimx 8 -dimy 8  -sim 10000 -warmup 2000 -size 8 8 -buffer 4 -hs 27 0.2 -hs 28 0.2 -hs 35 0.2 -hs 36 0.2 

function [max_pir, max_throughput, min_delay] = routing_oddeven__sel_random__topology_8x8__(symbol)

data = [
%             pir      avg_delay     throughput      max_delay       rpackets         rflits
            0.002        18.1761      0.0165685            125           1028           8218
            0.002        18.4265      0.0163294            127           1027           8230
            0.002        16.7637      0.0167964             85           1041           8331
            0.002        16.9646      0.0157664             80            961           7694
            0.002        17.6391      0.0160081            103            992           7940
            0.002        19.4016      0.0160575            144           1011           8093
            0.002        17.8751      0.0167718            122           1057           8453
            0.002        18.9732      0.0169277            163           1084           8667
            0.002        18.8745      0.0160595            182           1012           8094
            0.002        17.8217      0.0170146             89           1021           8167
            0.002        18.7083      0.0169127            227           1066           8524
            0.002        18.6561      0.0175266            119           1070           8553
            0.002        18.2043       0.016125            112           1033           8256
            0.002        19.2471      0.0167459            216           1024           8172
            0.002        18.7376      0.0173448            107           1006           8048
            0.002        17.7285      0.0152539            135            976           7810
            0.002        19.8598      0.0171825            132           1084           8660
            0.002        17.2795      0.0171062             79           1027           8211
            0.002        21.8005      0.0184792            194           1108           8870
            0.002        18.8175      0.0177705            111           1085           8672
           0.0022        17.4466      0.0172157             90           1068           8539
           0.0022        20.3003      0.0176865            148           1079           8631
           0.0022        20.8861      0.0172976            212           1089           8718
           0.0022        18.3677      0.0183214            111           1153           9234
           0.0022        19.1074      0.0178238            155           1089           8698
           0.0022        19.0992      0.0175853            121           1109           8863
           0.0022        19.1777      0.0174841            143           1103           8812
           0.0022        20.0966      0.0181328            257           1160           9284
           0.0022        19.5746      0.0174531            110           1119           8936
           0.0022         20.282       0.017873            181           1124           9008
           0.0022        21.0418      0.0192581            142           1195           9552
           0.0022        18.4246      0.0179637             88           1114           8910
           0.0022         21.206      0.0191475            210           1170           9344
           0.0022        21.7011      0.0192016            251           1191           9524
           0.0022        20.0689      0.0174512            172           1117           8935
           0.0022        21.9818      0.0183552            449           1156           9251
           0.0022        20.4682      0.0175159            197           1102           8828
           0.0022        19.0881      0.0172031            102           1101           8808
           0.0022        19.2043      0.0175117            145           1121           8966
           0.0022        19.9904      0.0181667            148           1144           9156
           0.0024        22.0957      0.0205533            154           1254          10030
           0.0024        21.9797       0.020209            149           1232           9862
           0.0024        21.9306      0.0185968            157           1153           9224
           0.0024        22.8716      0.0199262            152           1215           9724
           0.0024          21.81      0.0191582            146           1226           9809
           0.0024        22.5891      0.0193869            217           1224           9771
           0.0024        20.4854      0.0190337            131           1199           9593
           0.0024        20.2941      0.0185625            114           1190           9504
           0.0024        20.8672      0.0181406            167           1160           9288
           0.0024        24.3244      0.0202582            271           1236           9886
           0.0024        22.4739       0.019504            259           1228           9830
           0.0024        21.6812      0.0195766            154           1214           9710
           0.0024        21.1726      0.0200907            185           1246           9965
           0.0024        24.0432      0.0211758            241           1249           9995
           0.0024        21.4769      0.0192871            127           1235           9875
           0.0024        22.3516      0.0194375            256           1243           9952
           0.0024        20.1718        0.01925            161           1193           9548
           0.0024        20.1078      0.0188652            129           1206           9659
           0.0024        21.7004      0.0200685            178           1245           9954
           0.0024        25.8545      0.0200762            297           1285          10279
           0.0026        23.2165      0.0204798            209           1270          10158
           0.0026        26.5633      0.0209707            268           1342          10737
           0.0026        21.5627       0.021125            155           1308          10478
           0.0026        27.5338      0.0210176            238           1345          10761
           0.0026        25.4521      0.0212083            242           1336          10689
           0.0026         27.536       0.021293            271           1362          10902
           0.0026        25.6871      0.0208711            139           1336          10686
           0.0026        23.8208      0.0215254            205           1378          11021
           0.0026        29.5488      0.0211687            302           1332          10669
           0.0026        27.9364      0.0210464            413           1305          10439
           0.0026        26.4304      0.0216504            208           1387          11085
           0.0026        24.4633      0.0206426            167           1321          10569
           0.0026        25.1861      0.0209043            163           1338          10703
           0.0026        26.0902      0.0207937            264           1308          10480
           0.0026        24.0071      0.0219219            196           1404          11224
           0.0026        27.4232      0.0217664            453           1328          10622
           0.0026        28.9272        0.02125            267           1360          10880
           0.0026        25.4869      0.0206071            298           1300          10386
           0.0026        26.8066      0.0218448            201           1355          10835
           0.0026        24.1894       0.021631            197           1362          10902
           0.0028         30.038      0.0230195            302           1474          11786
